0.0912713288064129
0.0594113458093266
-0.45875946433561
-0.541749930214519
0.0376883155295315
0.625038688308379
0.830312286272849
0.0281102428932422
0.0266645531440888
0.00842339669396563
0.00451119866034527
-0.145779384001007
0.110191697205482
0.566858801214513
0.612466568130282
-0.168435044283459
0.241474982992946
-0.165711620535562
0.785222949053965
-0.69954735391167
0.0823141567910551
-0.000839167143731112
-0.105401795855661
-0.127459443513258
-0.128575616340321
-0.157796340133603
-0.0983675128267745
-0.909478739096786
-0.145366766165908
-0.204810623564422
-0.829783485328789
-0.866412513379138
-0.642807105096807
0.266005318440156
0.657354021179381
0.843377260251169
0.82017136139575
0.783120468170152
0.0980427994426178
0.532227804396286
0.876758053574854
0.295977558741477
0.852819322005402
0.220852254483605
0.860856230498327
0.82341979336134
0.182946732624053
0.204632366157546
0.242955727003173
0.426579348345009
0.751884466879889
0.637714308467598
0.208110677899619
0.119693501302075
0.0753363237986799
0.137425396982786
0.201041284772465
0.842327494808848
0.113449419981779
0.363677838250116
0.874841262501746
0.881417219178526
0.327667508359548
0.870478086877922
0.849409527822943
0.873656969156162
0.895067316513582
0.889976707079083
0.877220664788545
0.88943515140417
0.0670335603844249
0.880860239359
-0.531717359599298
-0.417559453580315
0.314427683324713
-0.627516093063667
-0.541896896259163
0.0878112572431229
0.230093700728261
1.24825793629808
-0.0905616566382837
-0.790214859518122
-0.652171728387638
-0.0820135465530595
0.0425814799216783
0.0399016037923497
0.0371562908245682
-0.0410090969025715
-0.0663295281366161
-0.77171646002942
-0.0643535687256739
-0.0203395206705669
-0.121364239874982
-1.24807383512292
0.0180768671672209
-0.778598669525704
-0.925636509525627
-0.805229612405152
-0.780969581686993
-0.778962144395519
-0.547830438812997
-0.826596370593198
-0.837551210272414
-0.18096539860207
0.646430469653798
-0.025189379401714
0.0859695409743602
0.79023721151144
0.566121130586734
-0.323998112402766
-0.863491933227598
-1.62485757478571
-1.68395619047874
-1.64220068807016
-0.79221613512961
0.0415515644352223
-0.754626363149116
0.0420346294512264
-0.458128178625205
-0.136074926554115
0.869015780986915
0.866532890940159
1.33780342032015
1.07730359098152
0.141155351534119
0.150187605907429
0.14127844098577
0.182356068285446
-0.699154371124713
-0.673542865699733
0.297940478321239
0.0433418215108555
-0.240740970231045
0.485635107019491
-0.771887556161221
-0.727009929316935
0.103078711111781
-0.770976424759229
-0.793392685537934
-0.837771455754494
-0.857425059236112
-0.845576887579954
-1.22342223020817
-0.83662007884073
-0.844089256097601
-0.807137969444682
-0.818202681853655
-0.78733233411493
-0.776299397810378
-0.76930793038452
-0.827216414770685
-0.830821547693416
-0.803575162313991
-0.767039761418883
-0.309177552372384
-0.555750034847338
-0.0229067142581521
-0.00429494631073566
-0.0437052777966489
-0.0430716108994866
-0.850579125231927
-0.906537869351431
-0.884249940156338
-0.894316659428301
-0.878909506595536
-0.86108756059742
-0.86016031830082
-0.117965755178404
-0.352858522306158
-0.887723914414465
-0.912517421052336
-0.897401993298965
-0.893673000567284
-0.895083565309988
-1.09676421720297
-1.63352128500858
-1.61944009761455
-1.66960050396037
-1.67364949069583
-1.67968900492662
-1.74163494619173
-1.64463192711438
-1.69979037892476
-1.41934910518111
-1.6966856259004
-0.808898342393948
-1.3119431130791
-0.139001580746809
-1.07715218506147
-1.52506786010234
-0.75281633839991
-1.54320668602628
-1.46944116399851
-1.51711761495675
-2.31794016882275
-1.01448967121611
1.49824071399255
0.311455875510725
0.241919845381873
1.81311348155027
1.75242723581749
2.07717586505253
2.62051093055908
2.13927453722682
1.83685194806668
1.80301778580297
1.75626964140814
1.80054282633114
0.333768483056042
1.63739875720487
0.837397092612066
0.0404798985046907
0.0736381019190535
0.0888312212866768
0.212504664524384
0.154301346037151
0.228374522116933
0.307969654057702
0.104362229205086
0.108363285865779
0.119630958462018
0.871509011667459
0.109479719647168
-0.058615391690154
0.641769962598326
1.59576592628421
2.28998669040952
1.55434926467368
1.79546898330834
2.42574750487912
2.881800009115
1.90242708107364
1.48458602214842
1.90967779100708
1.48479388775965
1.46881244732535
1.836376716822
0.796362459844603
0.877050494369893
1.26721438055374
1.69554634108338
-0.0545460112820068
0.830054977781852
0.701418241393157
-0.755351032570235
-0.159168310028289
0.175321664172513
1.33797379729065
0.648115341523838
1.07944953717596
1.70595754053422
1.78604006925645
1.7838003536626
1.29287381476065
1.80755631204509
1.81656665895507
1.79138199417603
1.74972196825644
1.76845429403737
1.07149420385393
1.77445978703532
1.80167028457032
1.75548026962182
1.11641659500558
1.7761977372637
2.61918205652917
2.49213726723181
2.43763822374965
2.55893335921296
2.4926809203976
1.79794571161753
2.50151701331954
2.60119065790905
2.60834946602929
2.60093101044788
2.55907010922932
2.4958213507164
0.851703984687529
0.867244086569452
0.865826137831192
0.872296639157279
0.819240788369754
0.840336606687839
0.86905696125942
0.858813322129504
0.820910628072763
0.733727138334882
-1.12165465381052
-1.43884678377274
-0.578216015767472
-1.53363850407466
-0.777097862728239
-0.684719388463809
-1.4669605988504
-2.41267064795408
-1.66971363848542
-1.66427300640517
-1.68877844198766
-1.69797538420557
-1.69516408644892
-1.68186098252713
-1.72312152556962
-1.7488427284381
-2.38060845952158
-2.61470738438445
-2.58063242427288
-1.738725376272
-0.950659787060844
-0.97343146281189
-0.867571027401523
-0.820577938588603
-0.843996314569842
-0.945968967271533
-1.22226064684264
-0.918602796682382
-0.100565448877041
-0.0452793421675996
0.824856878442689
0.931934923931227
1.63281425164361
2.43881721428683
1.18696692247589
0.931561102296012
0.877047161646046
1.36923385032679
-0.118328696191392
-0.204906001397251
-0.0160578621890337
-0.882259555839948
-0.882415023918663
-1.62821359869834
-0.831696537253617
-1.57433365933767
0.212005258999384
-1.41686414268207
-0.811935913830853
-1.23277199327325
-1.72669517667724
-1.26529527478949
-1.70728307849174
-0.906073536923576
0.538426421791858
-0.738937506082618
-0.268692142887002
-0.983936009650593
-1.74209283189462
-1.97408573070284
-2.42509185013256
-2.52235862385342
-2.7193118853925
-2.73118410247886
-1.65236038222933
-0.830840016486483
-0.864135135989567
-0.908340517893145
-0.866759660923116
-0.84016317610841
-0.829062119716667
-0.198024827814038
-0.103233437623942
-0.132186237968713
-0.314337984337918
-0.782816905918491
-0.23744423599402
-0.868349492828675
-0.869011436336227
-0.871422571036432
-0.867041912340353
-0.867295412915445
-0.857785683645269
-0.15550206926652
0.666131663022768
-0.0422758042798393
0.626685142060623
-0.0130192356728858
0.82204652052113
1.42490071500406
2.01085279222565
2.56589275554611
2.5171519090348
3.42160385036952
2.78882754221222
2.61305099504537
1.76553800459441
1.42286879462148
1.00260327701624
1.62964897288471
1.86685443347424
1.08897185913035
1.03788193537294
1.83967115629638
1.8283693169203
1.79475896119552
1.80378974516651
1.8040350827576
1.81045245725323
2.64198807193393
1.20386057364934
1.57903797965945
2.35250769722902
2.07097409598436
2.01135395868877
2.04783380044845
1.95724903364888
2.26439097355272
2.16684246664821
2.79564480485471
2.78980693905879
2.82527829411906
2.88709209901864
3.64146261051848
3.61322071118103
3.00805072141295
2.19568584684126
3.01818544533915
2.79314519264381
2.98425047553711
0.662248094309249
0.492109192622031
1.1452513147438
2.01342038206646
1.51022056478363
1.44697964340151
3.47547768501596
2.90856873271702
3.07936726441551
1.88981799352814
2.70200936544957
2.72369641725553
2.68947940967846
2.31091018900367
1.83423404819428
2.64195452530434
2.59080121582207
2.50582708263719
0.975901312015525
1.72058215097483
1.73940454129532
1.75050618168991
1.72027758208234
1.74127170645464
1.71483489732117
1.73934717886991
1.713935183985
1.70807382852414
1.60394290246262
1.63750313160109
1.67169074373465
1.32338528102354
0.931771106943624
0.967325199503802
0.980928453889276
1.83250270501827
1.82215426266619
1.80051079839831
1.81771305431134
1.81877073678907
1.82147426964212
1.78531082912863
1.76465261129778
1.78070064492981
1.90640351054888
1.79311552570362
2.2179435161995
2.46838741768674
1.65001521888815
1.0764583705053
0.982523202022312
1.63696564066852
1.73792620111754
2.53331369012352
2.60617319059356
3.38194564054862
3.43831174678443
1.85166746092457
2.68443196780414
2.79909788113325
2.73100587488139
2.18034220902884
2.51991996055877
1.93392134115641
2.63458715287774
1.474588207518
2.24424963476333
2.97480410762536
3.52908866674616
2.72378200103713
3.55774496316478
3.53429261637694
3.53183306937657
3.52227557611882
3.52740193445678
3.65584513184943
3.49671164608757
3.46687501861101
3.4718174098077
3.47623347985094
4.11753479745762
4.22707372911088
4.16417997338303
3.46487508815412
3.47025111792912
3.46237043708907
3.48342372836716
3.44236745851704
3.49072787856949
3.39222979681555
2.68201909060496
3.50027539518628
2.89833515599447
1.80145698139618
1.6911311298736
0.252950040371125
0.206785374816448
-0.121202999960651
-0.00875797309613686
0.000483477041018407
0.061136659815431
0.540664354366902
0.538330261549915
0.718168419791006
0.726682100741062
-0.352503706846906
-0.734345763981908
0.829769906966599
0.403595602860528
0.848853443262972
1.54556336694008
3.02825661713839
1.64840272592228
1.47508407060621
1.21132316124955
0.934310111143863
0.983453655245277
1.37154218612246
1.65602281762146
1.18513142427571
-0.236925553816906
1.01955554748165
0.226205007402476
0.9856686964611
0.887474806176386
1.33487199590409
1.53392485709991
1.46840647304022
0.151528539210263
0.905824678584017
0.971250954093106
1.65041546455758
1.6599677028253
1.70512155113517
1.75693917933028
2.05081090981097
1.81350628792815
2.55466556032924
1.12427658224965
1.38273180703883
2.17233401435031
2.02428492494712
2.60864689858097
2.57932641828048
2.57223236164387
3.29975519977104
2.57672525358588
1.84540099893126
1.07631383254928
1.01856192158603
1.57327380006845
0.993004146342509
0.941850000336748
0.461398246243146
0.348898698497305
0.87421228794597
0.96166476631018
0.908265472146642
0.541270987176679
0.112226995774337
0.895332280259116
1.53253974630081
1.46924413136557
0.937858383721371
1.5963473707587
1.68976417071044
1.64911368942488
1.75119723428073
2.60115744081619
3.0329965484225
3.2610375987533
1.74063664779755
2.12223706709392
1.70448162868984
1.74953216719714
1.21684621508525
1.75177897658103
2.49182828480131
2.44321844478636
2.65272097200594
1.79736142440253
2.43305528838657
2.42321943165656
2.3354436550354
2.4044448135841
2.50564256575452
2.11892976514323
2.40096140797918
1.61916626328015
1.66905138487829
1.08240372687973
1.65557638163448
1.70397735602888
1.64353926905917
1.64091769797795
1.1780679319713
1.56838595340235
1.56099386061912
1.58004610913207
1.79101818046235
1.8211183772142
1.84239903265367
2.38599176690054
2.44521737180263
1.07094979629304
1.18092645881838
0.548630364715173
0.91855602007129
0.94734741583142
2.14450882443801
0.979537335412606
1.12897302290963
1.68157164627702
2.29751681371249
2.36741808609276
1.67961312443837
1.60326554691405
1.67635364882889
1.32793882801066
1.41825613593427
0.131396084429871
1.2740310657988
1.70549320097174
1.00995823179966
1.10065865490084
0.635403286539618
1.55588335419881
0.0513395894929655
-0.535555724023448
-0.499523679828456
-0.669618972622339
0.142178535067868
0.122155708923933
0.564279150937897
0.481307314317772
0.52617965196464
-0.542218154887821
0.0857021918650279
0.803774058526453
1.12507743601449
1.48241855151674
0.872498296558909
0.87320171224882
0.876876338064509
0.8694330651638
0.886024709899564
0.858804729472463
0.878580234708294
0.886948674472675
0.908775779051634
0.899708671510173
0.103333739896714
0.0398403122541367
-0.616720815338271
0.0378373362733959
-0.612363860831014
0.123421700208055
-0.224426008999086
-0.155183688562002
-0.745442756276605
-0.782349727418793
-0.494463731889937
-1.12953115538539
-1.12109297479621
-1.39781007815972
-0.0102871252020444
0.102127617675824
0.121017085236328
0.0358125649138371
0.29552434049577
0.0421291905667067
0.0167461362248734
0.0864461900937869
-0.0325178901049953
-0.116303683905041
-0.22459621286275
-0.0733408795995481
-0.690751259124026
-0.892769980268474
-0.891745843072551
-1.71435792923475
-1.73809007778502
-0.90526890930528
-1.59595795127533
-0.830519593927044
1.52092528326575
1.41950285980387
1.67042384861996
1.0159063531113
1.88957126670272
0.791094808814643
1.62156783524375
2.52091323368372
1.7378018759434
1.79715465371352
1.75415467261713
1.76772855780323
1.8116609280505
1.79274102569708
1.78255653662693
1.25297495218846
1.78869000168146
1.75554193407825
1.78024383744686
1.83199409783826
1.81310477356901
1.81927847501423
1.87593483610209
1.78081231983816
1.76584591807867
2.51087767648187
2.32773120959876
1.83667604788012
1.70833130646391
2.44733220389992
1.8117652947139
1.80160996178628
1.1536672396185
0.968906036692591
1.7257405140393
0.815588424432366
0.813634352162284
0.876298029267965
0.210397241406815
-0.628410180811233
-1.03680346498658
-0.727750403917924
-0.761171252206044
-1.58393342993696
-0.939149538814734
-1.52531383652067
-0.961239115809168
-0.991628215348399
-1.67813607332831
-0.176770431296858
-0.39674114477804
-0.793793086402361
-0.147046900976289
-0.641471647857543
-0.904693454878736
-0.985151642153624
-2.39988480034073
-0.835391748337733
-1.28047577122965
-2.59856288130771
-2.55078293796509
-2.55367823556859
-2.90341972773867
-2.15687555756718
-2.15465275546279
-1.76012129146105
-2.30664579811032
-1.70420660988756
-2.39328419817953
-2.8246696166214
-1.81045530887815
-2.00736399948551
-1.66344584193764
-2.20216208751427
-2.14028525205869
-1.56663289698129
-2.24099527633417
-2.13772100643516
-2.53954257398
-3.8300068013824
-2.70443879743566
-3.65760135798844
-1.80280920207592
-2.5270343602181
-2.0745972873973
-1.78817792439435
-2.21335565520396
-3.26829625644507
-3.19242093596592
-3.24605377940459
-3.42291195046015
-3.10591981189679
-3.97600354078771
-4.6829796296669
-3.86113405477652
-3.38374230210219
-3.74816256676043
-3.36537882424079
-3.60820205647878
-3.22005080781294
-3.43636975883164
-4.18759686207141
-4.22212392648498
-4.17619618271988
-5.01474760055522
-4.99994898744295
-5.07879459813692
-4.08637256515854
-4.38882633990311
-2.90083610905694
-3.69970363879983
-3.64010264642722
-3.55841788057639
-3.93975072340091
-2.74494700895826
-2.94113885254156
-1.07490945360782
-2.28876191957455
-1.26909138614746
-1.77395674956904
-1.28564183710771
-0.54738609052529
-1.09557128000233
-1.02869289769857
-0.955817711276297
-0.927765176397752
-1.72695741775311
-2.13353427428704
-2.67688501408145
-3.06073815907678
-2.5842975243196
-2.99533339008127
-2.67429417857992
-2.09914007254982
-2.54110432732834
-2.45518610176857
-1.77044865342324
-2.10263626839621
-1.67856921681822
-2.41421684734506
-1.7973552189736
-1.08817587759305
-1.88865925327667
-2.62652466432473
-2.62173739279709
-0.91857665707837
-2.36514401894941
-0.437644952993139
-0.941595066957909
-1.42567227439827
-1.71260644269946
-1.13711854711572
-1.28926841737463
-1.21041320521078
-0.548012115570151
-0.941839874601679
-0.992869347016078
-0.901907985568423
-0.893909664411349
-0.0149107339162241
0.674312317454205
0.149795806846782
0.0336816526265637
-0.00893703498495885
0.0535190390503165
-0.635662224134797
0.0333145278138919
-0.724471407415537
-0.0791682744128621
-0.181304949710471
0.590914710139061
0.506525745159698
0.0308887665132645
1.30127796413233
1.35672119215047
1.27720506131191
-2.63741461844144
-0.371687328471376
-0.265832491703336
-0.918392858354854
-0.297928867554083
0.525603490533387
0.47226404173521
0.235314936235092
-0.919341896196244
-0.82075542512975
-0.0988047274045967
-0.0462103405838353
2.96040633519706
3.16158110715645
2.36349325669874
2.48923369590785
1.7913199000855
1.89957490383787
1.78513752920467
1.76753511045366
1.70826763111677
1.74195618996982
1.00397060212334
1.08502134566756
1.65360955317406
1.35784538429021
1.73477862667101
1.70182130179609
1.70828799343187
1.73390204812241
1.72107406600086
1.77824166018732
1.78309581352589
1.79623753406074
1.79183193486572
1.7903556991817
0.985354774834863
1.7480828189745
1.78509115180824
1.15390876259448
0.969253994593821
0.916831505955207
1.13747074399711
1.84039936828654
1.84197796145808
2.65133331458444
2.69038556594456
1.8974231588252
1.91219968761359
2.70674094409235
3.52658692212267
2.27192727774575
1.70399716765313
1.71578412045905
1.81838441725501
1.09193656269928
1.07764821670376
1.19923732179061
1.78001784739915
2.17173800898596
2.60668257184261
1.73838134129895
1.71637854521693
1.77153676809493
1.76398200025571
1.69119565093283
0.974362235152201
1.7607684777137
0.928043494237636
0.862082397152846
0.850508632046183
0.7806223916141
-0.731373067370439
-1.58903355654718
-0.843872905362075
-1.46431013532109
-1.39298461852697
-0.765110534841074
-0.777068251372281
-0.779632413358897
-0.151217854329406
-0.0107173843177287
-0.144895403336676
-0.816440129784892
-0.826269144715756
0.396755227822993
-0.0801049099702642
-0.0798144757711409
0.460035156928655
0.626272114153994
1.60376002650312
0.821506252867447
0.688660741563326
0.720907421521808
0.322710800690981
0.0792960460661933
0.124722956396277
0.139693358642306
0.154411835464733
0.911710617663221
1.7674960999461
1.70529404851774
1.69123022132598
1.70843810667404
1.77767920025814
1.77686938110357
1.73455793459825
1.73276561652153
1.74892359228254
1.71568240246725
0.917429531589683
0.914491747359758
0.905619178632776
0.897531372316003
0.889963643933029
0.899886638407897
0.896092368884525
0.893543931557553
0.911867033859681
0.902446267971659
0.900551858096719
0.900708014813376
0.919335899493032
0.90502977963048
0.884323716823926
0.891780147922766
0.901683306501468
0.89536592954832
0.818843186409933
0.88867180309619
1.42266023057215
1.44900403201283
0.995686616101344
1.65528168236256
1.68315011372614
1.69525320749065
1.69563729067763
1.02374224440196
0.878254747645799
0.821927075939646
1.46422639038717
1.33036510230824
1.12073200662304
1.31829273429769
0.850785846563546
0.194205041201064
0.137528412643572
0.646886173143483
0.372991250767478
0.215465393032605
0.327810598551789
-0.575686143803955
0.130955868647724
0.870422429401014
0.698499195198669
0.855359631083018
-0.10203770966663
0.943062580454838
1.72281778611805
1.86705735515155
1.86459703785807
1.71480318185187
1.53753528480125
0.474503688383515
0.558596711407643
1.02590449788289
1.74567381854724
1.76897402469483
1.75870333297563
2.41201073205984
0.950869663572909
0.914129116207804
0.36673649439953
0.139450932519938
0.142635702039668
0.733454957713454
0.0751196984820305
0.0619102446442898
0.0786814098792895
-0.600597232236716
0.0677142773235224
-0.699657413224089
-1.48486105615455
-1.12567983514816
0.00921922803429871
-1.42796616665616
-0.767727844185652
-0.0495306416293198
-0.693084875732509
0.90212155630582
0.906255461979983
0.701442308998836
0.790225267966956
0.892596919753674
1.69725141312412
1.90509828983731
-0.678330870664996
0.171973916911519
-0.724774450887523
-0.241393456258587
-0.721237460946832
0.763732612251371
0.105717554865651
0.108716642384152
0.238880825697386
0.0431585699496654
0.0736917257237981
-0.977086134503071
-0.473109193872559
0.0810179580028941
0.595295556258317
-0.700426737319926
-0.338017393632342
0.078551850501646
-0.648229615192809
-1.01963598425986
-1.32972577889435
-1.34565710411553
-0.759992160872619
-0.26943387610825
-0.362538929398795
-0.179457854783359
0.810838925967129
0.803576164592184
0.0280821773607809
0.144565131839426
-0.0102124799246238
-0.279148159042189
-1.67525503772998
-1.67843040321325
-1.73115497228108
-0.0800674145246758
-0.69021104135245
-0.957362105916375
-1.41722098434609
-1.88014761266171
-1.45581709400606
-1.33592373942095
0.0848293370777889
1.47969595030581
1.84722330564748
1.1421032351282
1.35132351111744
0.409533513384649
2.33525204885396
1.23481675633588
1.8192868934787
1.7486490305876
-0.706473225247395
-0.583720426508907
-0.674616744687034
-0.725701409883071
0.0780027069751087
0.224648362249071
0.794311663940089
0.0444823730942939
0.870929543994257
0.85547293391229
0.891170902379079
0.443747427888113
1.72401042659254
0.967083055756309
-0.371454893128873
0.897421629217084
0.982584769934638
0.992601833495065
2.82096483198488
2.47689082134595
1.77109980088963
1.90201357071011
0.250842318642729
0.990225255652143
1.42744950716353
1.72927915415881
1.50572791825776
1.37738809261108
2.37416132179894
2.15884159179846
2.0391773222446
1.46082145379538
1.63897697579723
1.64596170980773
1.65440031828484
0.136633321342135
-0.15162192707507
0.171929206048472
0.804791357269934
0.115224227229844
0.18396593854563
-0.792915826011224
-0.814547103842948
-0.746408034512818
0.198817750731198
0.745565329320235
1.70911412992018
1.02409305134318
1.00742243711355
1.82532491102749
2.63361340658938
1.70704183728735
3.03651511513253
3.33106180423238
3.31135274483579
0.971641056856699
2.54415384267129
2.5870725631217
2.62672706230131
2.63306031249305
2.66978166813932
2.47659081635873
2.00943130355792
1.91536611271536
2.69971670822653
2.77388245738458
2.95482482935388
3.47175593677176
2.66837504138718
3.2288568148777
2.59680251299986
1.8634733027366
1.78503608281623
1.77131216322848
1.77663652254851
1.73713922314569
0.986602674775591
0.901721983912779
1.74686338116732
1.78967645642165
1.77889430538478
1.76944298257237
1.77001927707857
1.76447522622024
1.77088839518788
1.76887332135207
0.907992888055398
0.467891708019797
0.0449587119087753
-0.695651543171921
-0.00884365390153327
-0.224850608602918
0.0113345293562817
0.132674423806645
0.894669973139933
0.871477355860169
0.842875669339389
0.912640427718699
1.65410361040184
1.61222643820821
0.908280714086463
0.943474929885414
0.731266337966645
1.95172397625498
1.56745827356559
1.46956246279126
0.112779642818106
0.0112455158938038
-0.0124206013735666
0.00977341419611
0.0528675349936418
0.0528108411289399
0.00137373455906231
0.0532326726653539
-0.125848652420234
-0.8033367275399
-0.452481687339585
-0.0136264439994575
-0.010192542466762
-0.808805225155139
-0.484667767019298
-0.764144759574023
-0.0543980042209915
-0.0678401537504893
-0.0413969833254947
0.265560318782843
1.03483221669848
0.849035381125715
0.0312888060876606
1.58918570215023
1.56666288131165
1.47816154675149
0.434591491176449
1.73753600113368
0.946029998618246
0.929123672688851
0.203406572967096
1.70396719307395
0.859506394310952
0.826739462034974
0.0353893041511186
0.567535167078859
0.889881494111192
0.898693616965333
0.928743906903933
0.92053395164722
0.889135577145726
-0.0708155600585867
0.0369425256525195
-0.0298979404633781
-0.102406683723573
-0.912602164192041
-0.893677773056454
-0.889545438913291
-1.23014232884639
-0.763454382431268
-0.962332449314597
-0.882016018815211
-0.853587168881064
-0.885534413315342
-0.803532308060617
-0.886920644179418
-0.181973293111358
-0.144491119544964
-0.173772888939593
-0.34246715246513
-0.0878770883836682
-0.672287699370368
0.629155403566433
-0.021088052714141
-0.0804606287826244
-0.794918313564247
-0.834962701090733
-1.24916662038335
-0.898366453202909
-3.02663927927003
-2.10609752919939
-0.844200008573601
-2.35158267032499
-2.37095252590713
-1.07892379623398
-0.911208447642552
-0.87724142009335
-0.82964940598953
-0.81213747300102
-0.812291404850083
-0.830963728130854
-1.62908921279795
-1.04289237587474
-1.58986531466236
-1.43838084903327
-1.65427844525146
-2.06738787257686
-1.75628426998838
-1.98690481842872
-2.51642007807977
-2.2891166801552
-2.30258716014687
-2.41294836385994
-2.46199422255847
-2.5231604083481
-2.48758834608899
-2.54698184117992
-2.36008485060863
-1.56337484992911
-1.65014083858382
-0.911492469802246
-1.70688258946679
-1.75347371783406
-1.72883798270475
-1.73528947518907
-1.72308318936446
-1.7076184180597
-1.71614627800434
-1.70317270880631
-1.58384764667242
-0.828167327430167
-0.871650460758049
-0.856267971931037
-0.721031028464813
0.618399298508509
0.775222871081746
0.181464529471366
0.843393540464496
-0.0208896543404981
0.00195989493256943
0.0114620197757892
0.0048664394757308
-0.0166036465736342
-0.0107423549828543
-0.0645239038928518
-0.0813553615182936
-0.0350671176037249
-0.88836372617432
-1.62809967353646
-0.13766243320054
-0.051812410371864
0.0037313298658434
0.0109049404110447
0.00695959904472254
0.00504621312888965
-0.0587362889665796
-0.0223980646096318
-0.0467226645474195
-0.0297066305256994
0.019633425719846
0.0431821602128539
0.052360704812458
0.58544655273107
0.339267295588397
0.0346881781659069
0.0638856789101591
0.83118994205131
0.845639424152347
0.800899359663069
0.734250946274647
0.00844386616696816
0.801782970067186
-0.0328744718600122
-0.0652985903378724
0.0540960670120919
-0.0176441531111939
0.815295333383309
0.819762037266271
0.869626487053514
0.729142014568933
0.855818193696782
0.888884928666664
1.41578703534032
1.49487515972961
0.129158302219594
-0.566750940554235
0.950625150550411
0.502842994243473
0.0408018211913189
0.0436896710567346
0.0275041482870542
-0.868358831979583
0.0209949822025167
-0.055302145172551
-0.0457878472320355
0.519404695300558
0.597722275910868
-0.427969174936188
-0.864614568444664
-0.93289272270088
-0.930328820806645
-0.907390380554009
-0.892346506924155
-0.940046477428008
-0.958885744328892
-1.78114233117895
-1.79324968957068
-1.74462347696219
-2.17628756278055
-2.3452141106884
-1.91023535804319
-2.35083921789461
-1.89794160216141
-1.89364771857235
-3.27729296598203
-1.93827235889636
-1.9085987231468
-1.20134274082035
-1.19706976286104
-1.10260839529266
-1.32771406467354
-1.8159404008626
-1.8201410815957
-1.79527800292947
-1.77003356969121
-1.77917378942932
-1.76207140226144
-1.77683640677086
-1.08837422230093
-0.567352440920785
-0.137311619201536
-0.296414572394071
-0.225247399662968
-0.268452304576451
0.390588011972496
0.629488493909742
1.22164086540164
1.53555761998738
0.0276281346995618
-0.0417112649695749
0.545076662122366
0.858538865490643
0.858635349167035
1.66896483002745
1.67968953735846
1.68816344332051
1.734162038451
1.71702961116469
1.63244334355767
1.68583407624177
1.69246099960607
1.73109618798125
1.43551766317284
1.71561992332256
1.69424586068939
1.75494034948402
1.69809731607716
1.73920015965178
2.5652328696907
2.62494549523245
2.27132859551594
2.61946593632752
1.99349555105243
2.63495425892276
2.66262499745749
2.69421591794647
2.69516604018733
3.46657470305226
3.50961558836861
3.50298678929265
2.76192411846645
3.58601675191619
3.56786779291252
3.42460670055345
2.8267691836604
2.77495347614716
3.31737497572108
3.39161416661866
3.64380586754142
4.28368641380857
4.34971045080829
4.38366869381021
4.37114788994843
4.17849165400933
4.87893531161419
4.43425513322306
4.76407403340434
3.67854299016232
4.22990370434493
4.35333767742856
3.88427535991148
3.79107073256129
3.1497483007777
3.89755506129737
3.99403591926087
3.79967473793892
4.67712341069384
2.49080847432736
1.91892889838346
1.88795174220004
1.7693786695767
1.92623755930459
2.35902379495495
3.52325848091447
3.41205617439293
3.4495371334675
3.36791406848631
3.25436584898211
2.55699631410829
1.85985575839907
2.73120546630497
4.47983889380121
4.25442796450359
3.45732790108012
3.43548455304734
3.02500689877302
1.40942556265348
2.14019966396044
2.0601538203711
1.61668001892795
1.19939142994227
1.45449430257588
0.248512664719222
0.31754817494363
1.23155382247711
1.36188161618505
0.918074664927284
0.187836875481155
-0.443885854028278
-0.590760410840032
0.0552263813397129
-0.25395824486788
0.151377436917858
0.906507447467743
1.80505008195711
1.82510198118577
1.84639170332759
1.50459991379881
1.85797407492653
0.682162342060243
0.734472314845176
0.576019094883392
0.717489390360962
2.61191133906297
2.68339921321792
2.75365532134176
1.86943102278815
2.3580137181165
3.45630765677954
1.86053837524166
1.11816700563442
1.08955000761684
1.13259984650985
2.37518832669342
3.37268521693204
2.80557192818026
2.68920004972882
1.9085027270721
1.26483501512795
1.82815372794862
1.77839049706406
1.78289017332573
1.74961987867276
1.79534133054949
1.79515102269764
1.78865182481643
1.21440878477184
1.73703031718298
1.29092229775064
0.977242357135169
1.05836309011161
2.56173585648949
0.888483177949428
0.494808244444407
0.289313121706106
1.74726540759591
1.01499978352411
1.07156133672372
1.51250335452943
0.919469282020444
1.7210685772475
0.251313469373657
0.639130107582645
0.631986721455242
0.16630398426372
-0.471698448997498
-1.38643998985917
-1.09145644969645
0.105726771625516
-0.657598619691393
-0.47197794351749
0.137213177083515
1.66367055076649
0.926491832071917
1.17343428440444
1.80931143539734
2.21857852620346
1.38840119643295
1.01317664361897
1.2843458396631
1.32462335875763
0.844421942908234
0.224412297691614
0.294602301977185
0.536289737378795
0.0681857870880391
0.281333186516103
1.84455181847366
1.82482296524009
1.05563155338247
1.07619280361318
1.84495093938913
1.55181935989323
1.83497551186782
1.04037842769649
1.8595568353738
3.03550972480212
2.56047146450378
1.74641949312423
1.64459612341042
0.926400960356143
0.909301009254315
1.68955550527638
1.7691503605458
1.35162190811901
1.10423634134464
1.01697177849841
0.970990410120395
1.14805877194106
0.983514710097539
1.6429574753028
1.77906144838188
1.75680663046299
1.7337895131461
0.957340114738295
0.340809537850295
1.02097705010929
1.72068504518238
1.25270982633959
1.00272123201348
0.0956092227577521
2.30753120384084
2.20002013250385
3.34788978691647
3.41324393237651
2.66238359659683
1.79946302237758
1.83252991809615
1.48648827640039
1.76058503268293
1.82094094351614
1.89563185102997
1.84299731963197
2.76183714274889
2.49572191680173
2.63421716228943
2.66773712989263
2.66436660385154
2.65059854614549
2.6365552331217
2.63597381004411
2.62402426960894
2.63447940014524
2.6458296672655
2.65073281615695
2.0112437075752
1.79354697401804
2.62956001098123
2.60429095662167
2.56811971427322
2.61553249672872
2.62745235594699
2.64864287233249
2.61451393215413
2.6160995116408
2.63140959951228
2.59788449930218
2.54858839702575
1.81881065747667
2.56912536053779
2.57418782014128
2.52742137631182
1.88094706836874
3.207891389972
3.07220471096596
2.10568727314321
2.06037876242692
2.57976481687026
2.65673191474063
2.30464915251877
1.92612263859256
1.89223915715981
1.86466761227236
1.85815102568695
1.75330046942638
1.07481768873822
0.988189385663232
0.982995449044118
1.0105713894083
1.85552755011033
0.989195015250303
1.67325205224174
2.3186450359536
2.84799898287661
3.27221825578645
3.71730893807263
2.79440190905775
2.43432858152944
1.88301872072281
1.88700112026225
2.32572631771246
2.58533115705206
2.59770215195505
2.52112206186448
1.7081290501301
2.32128842673218
2.49413539713821
2.53865038304123
1.7776850056036
1.75766677236887
1.78612160158927
1.776996497249
1.75361446850716
1.74863938024063
1.18683750667578
1.76944073925741
1.14792427100765
1.10367716729923
1.74828105128697
1.04355234551596
1.03433405937749
0.976011778813637
1.02055562057255
0.9757320249718
0.987952349441614
1.68718436526681
0.942106476167007
0.893534428093476
1.09916993275815
1.66427047622963
1.07736062251649
1.78129870824725
0.951203973028189
0.885386617672985
0.932073483780544
0.92315010743998
1.00199347579378
1.37684202408473
1.09602391558263
-0.500173021979467
1.02450496829025
1.02363030981394
1.00393181070134
0.188658105507128
0.0796370467831296
0.212836655243376
1.5812872305078
1.62594726397369
1.2381603226384
-1.07531494957846
-0.951878707957242
-0.288763456626709
-0.0108286939372012
-0.0293099221241243
-0.098960187163513
-0.127453134681181
-0.320328732050667
-0.0583929523452341
-0.0947876856931592
-0.861961744030577
-1.68760182560536
-1.80914691767904
-2.59047804114899
-1.79110778232611
-1.79404465743405
-1.76439556051074
-1.78364912952889
-1.76618026412932
-1.78133316982669
-1.83580538419324
-1.74888484634713
-1.69678807838461
-1.67094447798645
-2.17859174946898
-1.62105465707336
-0.906859146443215
-0.86727020310099
-0.876837863227507
-0.991145156313082
-0.939479718997282
-0.883160111439529
-0.862438910514519
-0.278074272242564
-0.196131172676583
-0.309139724539194
-0.0472272613651777
-0.0544141645328012
0.0415146849665519
-0.122209414562703
0.0212888472126506
0.11374811900653
0.052212625530144
0.00773619101326999
-0.0163445530603227
0.597751521822077
0.0638987681621938
-0.0170652173814761
0.711257174268501
0.519751361584807
-0.0829844337390471
-0.0112502677279655
0.0056937610192366
0.0199291371476488
0.0226759597411493
0.0432380331023312
0.0358401260998062
-0.717838536483854
-1.1677484245671
-0.634878077431484
-0.777338829167405
-0.344401879517607
-0.838425624320209
0.165574043563106
0.570018362509653
-0.385600045961976
0.942179380330158
-0.551975947714749
0.737661115546834
-0.910827255265151
-0.799589085767062
-1.31074040979563
-1.72233819406976
-1.32754872511111
-1.21631607516546
-1.54659284388213
-1.55563351594533
-0.793847169162519
-1.73393533520543
-1.96651272024517
-1.51756272853333
-1.58368597855535
-2.35691336299945
-2.44898603050299
-2.63294503595568
-1.10978052431488
-0.837508959256076
0.696195431546423
0.195566660426087
0.743241929416296
0.087483619387017
-0.100044054605381
-0.815310883240211
-0.0580246763647715
-0.660654977180857
-0.02090378428605
-0.734266123451797
-0.817675397453148
-0.153143664012541
0.577443932866523
-0.137699956370192
-0.116525445125586
-0.670431598337203
0.298372191389745
0.0106583205947527
-0.817281098950503
-0.702167402648444
0.778474962256002
0.843326093485102
1.17100832897849
1.21436704571412
1.83165853762882
1.71418853651261
2.49904461395799
1.73559931031645
1.37491369429416
1.03653006218558
0.0873192993480008
0.0571794461296276
0.820776081256089
0.468046393966622
1.64109438747425
0.886944596715503
0.859585313958527
0.877676523508651
0.456014070119677
0.18011230687192
0.020002645050328
0.00928122908156451
-0.0239997467367886
-0.0254321208182024
-0.000298611991078071
0.469855705761341
0.287936280652314
-0.081050932363075
-0.847127452357643
-0.865296223011929
-1.44518439873992
-1.05535970119268
-1.72126247225167
-1.74690612402061
-1.73430131970662
-1.72198936292351
-1.15333574206748
-1.17117645575664
-0.993371801408501
-1.46815278258703
-1.09604263747732
-1.43035149724801
-1.21712343088462
-1.64670422459439
-1.44426621079928
-0.910865168936917
0.00950132156515933
0.632939509470128
-0.17142590755492
-0.193106106387016
-0.630157816320949
-1.03310066385751
-0.166076900549216
-1.00236869497954
-0.906736937144703
-1.33627139563902
-1.79928867377808
-2.6257411545198
-1.00794067087591
-1.2978724678328
-2.67681294299449
-2.76327116270526
-1.90079610632106
-2.95469206110612
-1.98762839530999
-1.81164666145651
-1.80836923855166
-1.84414279958806
-1.8447415158922
-1.85440079792462
-1.80463820841282
-1.80702596378965
-1.74011080033693
-1.7584156068035
-1.81927622222238
-1.81106129725619
-1.80358250449293
-0.922761701069573
-0.9553440124822
-0.98190710773793
-0.952686084049802
-1.01722619234862
-1.81941549727527
-1.83223122567843
-1.81109375463348
-1.03925115267425
-0.440293629265785
-1.18543282369227
-1.01704250840657
-1.44667383106136
-1.11992316146649
-0.720716905202824
-0.22834141243641
-0.830257506746602
-0.811781115130777
-0.630399256298746
-0.820131934058155
-0.765407069767816
-0.0191173579570781
0.884084714420066
1.49064051019323
0.900766570414905
0.909223649482933
1.12550103149999
0.986769598341904
1.40905557357916
0.904814300685352
0.190394816112565
0.489746279234464
1.72953244398042
1.31546041521811
0.910077346805781
0.918960370868079
0.818870532066583
0.864243349456854
0.850075848475257
0.185962973702093
0.0909929370556296
0.5366580394198
0.804667246130895
0.0429633630737564
0.870760094461499
0.843296449897458
1.42784068714503
-0.462429878737942
-0.744889978005284
0.00554449843995611
-0.0534719747840877
-0.0616218342361656
-0.099459414480274
-0.00783007622530849
0.0131180779736329
0.0205938654667356
0.0195348753773595
0.051799533561132
0.0384905589803799
0.0227913782396342
0.0586254197810196
0.0190941923458036
1.61648391839002
1.57619525073347
1.66129936198117
0.769829901172388
-0.0765132583228597
1.35422680259823
1.42297974449599
1.2979393604432
-0.780127027338384
-0.539000270566413
-0.60676365424792
-0.994684484615105
-0.160337277776544
-0.109275507110163
-0.117942526194703
-0.0846946204322998
0.0838762545358911
-0.019275452316983
-0.00478361351764869
0.0456070486755784
0.197416113979387
0.0666089362925968
0.0898807972735906
0.284790298623712
0.00449663504294166
0.703256537265806
0.220504837461511
0.0320074925238732
0.338392706136695
0.783984914593397
-0.0651458802199867
0.863453596754057
1.03876590340693
2.38876017478423
0.201118769005332
0.123546452600733
0.976227288822289
0.171659462697473
0.659528558575658
1.77862633296022
1.11092536266705
1.76879854957441
1.69648217231416
0.901122528296723
0.900877199825577
0.889724005308791
0.884077193330104
0.884928283126883
0.821865604299654
0.788689414113179
0.0176297784838799
-0.0484479621014799
-0.0436982160323685
-0.557197087010799
-0.0818473865584657
-0.076659173341772
-0.100349303247156
-0.347562676677161
-0.111799179502582
-0.056757076312701
-0.0388607964542184
-0.763029351817763
-0.642662755913436
-0.0253807872700746
-1.50231344002023
-0.86069372336748
-1.05267445562636
-1.67418372153974
-1.6536626690402
-1.66353295704073
-1.67551473641978
-1.71990166903131
-1.70246584424379
-1.70078907493767
-1.85598188601446
-1.70620419462263
-1.68093624308624
-1.68030158470204
-1.67460162537511
-1.69459446785813
-1.71607486521944
-1.7137993456131
-1.68608171674631
-1.702759345486
-1.71804058574421
-1.71011064249047
-0.0477717421206931
-0.810074901650621
-0.125748873435869
-0.145892451439888
-0.844673779127549
-0.83537687215358
-0.855270170970917
-1.4073533053334
-0.889587199988736
-1.17170241646189
-1.53965630190955
-0.896449717953952
-1.07724655888962
-2.27704543737184
-1.63688575672631
-1.71567965484333
-0.873068349244718
-1.07098766009034
-1.73180858490207
-2.00610700649195
-1.73789950040142
-0.426868667638855
-0.720233995733062
-0.412137686535416
-0.167883236378436
-0.197490457969319
-0.814105925625952
-0.613275992689101
-1.4867998497131
-0.744417852554524
-0.813845590596907
-0.0196772068889121
-0.551067120927449
0.0355925550461244
0.109252625827392
-0.624491267858538
-1.43076683477259
-2.28510887692703
-0.453714191201985
-2.47380760971658
-2.72853734714127
-2.53031425192396
-3.14394369937606
-2.63568933253394
-2.35461255276063
-1.59370253158296
-1.52563852603557
-1.48042547797059
-0.805005717525738
-0.84378667384231
-1.6304371147563
-0.91045821419901
-0.913380724746802
-2.10655811889319
-2.70810654852418
-0.957248340308871
-1.6640959835592
-1.68987103320519
-1.76318530051715
-2.45532068087083
-2.21896339960286
-1.16870878520955
-1.23949996794918
-0.542214240497113
-0.808621652228376
-0.0356028221921037
0.0197357593885212
0.146633677970426
0.00101119844166274
-0.452616341398714
-0.143407781005961
-0.899870532688498
-0.944178827741614
-0.885562386755432
-0.878687568247099
-0.878244691766756
-0.0518663227227003
-0.755397535580334
-0.428122694100736
-1.2560194215949
-0.119224225997849
0.853542340344677
-0.217532946638081
-1.01151099984042
-2.57004681201029
-1.30575707487004
-1.8067319217395
-2.3274468636257
-2.68508646260771
-2.62145293790803
-2.64349892281139
-2.70057423332998
-3.28528763193248
-2.01459062248555
-2.05004546390131
-1.61234753534615
-2.02165802695579
-2.63844780520956
-2.5873394123635
-1.76068083641222
-1.73789562930072
-1.68145551327083
-1.75121181494198
-1.77281915103063
-1.84234186333806
-3.45472200665783
-2.65536475131282
-2.63512380897913
-2.60562885803612
-2.59224964080131
-2.57978559874999
-2.63432207501302
-2.55768714828653
-2.64717701253476
-1.95249348284816
-3.26245624660442
-2.69398253987521
-3.36685513938883
-2.19254568811719
-2.70359750894792
-1.95389673127483
-2.76072866617428
-2.08896166458743
-2.21059941740326
-1.62255789360807
-1.45966679911963
-1.97190959221406
-2.63350187175997
-1.89365121446298
-2.0414583377273
-1.92100025945597
-2.63272310192588
-1.90615741391716
-2.56505480488579
-2.43977951488707
-1.86558042207381
-1.95360306265938
-3.1465573504364
-2.67449258198864
-2.62376835250217
-2.28094660376362
-2.53786806493682
-1.7834335815203
-2.46694996951378
-2.59191512837303
-2.64546508973776
-1.75415842454823
-1.89146614370922
-1.90339630324837
-1.88590389288487
-1.79883959951278
-2.59862954380972
-2.46698568226189
-2.37415871011489
-1.23214795609055
-1.9201385037573
-2.6166083401351
-2.61328335730008
-2.6563054303128
-2.66674419079654
-2.66648241187436
-2.58451538598111
-2.63324414403691
-2.03456920455721
-2.58608782449924
-2.26581094166849
-2.05644620678378
-2.56192035207096
-1.83782477109202
-2.55528684067251
-2.54793748134115
-2.53131118899342
-1.78601518927587
-0.939921432810463
-1.08879861607296
-1.59638142928788
-1.28462414735247
-1.15891713819784
-0.922210461817653
-0.97052249756349
-0.946265033214805
-1.31001875766119
-1.72895204140572
-1.74930239888895
-1.77890567346584
-2.58055907599257
-2.57099883645227
-2.50921903469068
-2.46058023441606
-2.32749961568621
-0.926784847457706
-0.861346690666651
-0.889690932919756
-0.103124892421949
-1.13618012007761
-1.34878686759638
-1.65059666740318
-1.45323696565271
-0.669052812582696
-1.5316410110469
-1.08836390113863
-1.60125367061074
-1.93116036649935
-0.847644601231848
-0.602833424329133
-1.40081147493898
-0.784640657460757
-2.28679290532745
-1.498669202297
-0.706026423706444
-0.929164972825238
0.127577728144444
0.157845433283351
0.171335385071209
0.12116947514976
0.950606714693032
1.78380735007623
1.80069719922747
1.55284312527441
1.77066756055095
1.75746310762771
1.69809081739868
0.969847187510811
1.36987917146471
0.796550863761052
0.801337611332756
-0.818701506327639
-0.627319752612811
-0.494926833067317
-1.16916290661649
-0.852074541432094
-0.880743363149772
-1.58486122453901
-0.860617733124775
-0.903708344067181
-1.77548810216297
-1.77151461141203
-1.77312384084725
-1.75078782002913
-1.73991113218222
-1.74389481733579
-1.72570543664583
-1.73540921293475
-1.71982083562744
-1.70805844795582
-1.6532686870651
-1.6173601635641
-0.731962386533987
-0.908582802471337
-1.50105015644988
-0.851249979756005
-0.715599395336434
-0.795438996734656
-1.1893072800041
-0.575451499994612
-0.857022511855727
-0.890603053974874
-0.99211556194686
-1.64737456336057
-1.7528245518461
-1.77769999507191
-1.73840443876384
-1.73214733559056
-1.73764273404139
-1.69513000498895
-1.77182158463658
-1.75518698691728
-1.78608832224263
-1.7624678220942
-1.75942665996237
-1.73726403325633
-1.7836031070542
-0.956333911149591
-0.321129451229072
-0.991398424645925
-0.912096005040972
-1.69843778811897
-1.74315464817351
-1.7344665448645
-0.861836617210283
-0.881027870819929
-1.73951706247272
-1.67534422224614
-0.115845208379313
-0.0396060989063662
-1.2461440174968
-1.576213586495
-2.26893318436677
-1.34839502886103
-0.92462909322534
-1.74692324260117
-1.7530879608144
-1.7461623176276
-1.23484427652749
-1.22180625258408
-0.728342198859868
-0.0782002792787063
-0.863686670636572
-0.680994914348074
-0.599812845876433
-0.703873928865767
0.86461176645926
0.0852924791781252
0.114348793336958
1.06628504572603
0.841212950579023
0.409955845561329
0.543687018780886
-0.129728806220847
-0.486751604954597
-0.817940989058062
0.026029468505202
1.30422185610423
0.675808540184815
0.672912961694247
0.436056598126703
0.348512918485206
0.636361738786867
1.44797070046019
-0.0216072466417973
-0.0343054056152674
-0.830320435216158
-0.00621252064537657
-1.55773786703618
-1.7159591982501
-1.58353608351242
-1.5043397744377
-1.86328147923422
-2.56587557123444
-1.80993986340927
-1.83985319671697
-2.55096429378878
-1.75010737355693
-1.79378203151918
-2.3216401700764
-2.39958236499277
-2.43615584683519
-1.7739577809912
-1.77575445775262
-1.74276448426984
-1.69339129309445
-0.927453794070788
-0.920353799324703
-0.941431720358419
-0.932280608630408
-0.864925284023391
-0.159553420937975
-0.928014421935297
-1.03560325729928
-0.952972833161385
-1.04194958961318
-0.990738702453375
-0.649164478493676
-0.272098422808812
-0.226231271335753
-0.159146426516914
-0.888871622216476
-1.04534952138334
-0.997582198232699
-1.12582198956906
-0.917441872814152
-0.944371202000289
-0.931420252112592
-0.975178239259945
-1.59655789729924
-1.57771513145261
-0.920553041683797
-0.225650139225146
-0.871952660580992
-0.901083107070069
-0.829250151804202
-1.62126240259524
-1.30169520996262
-1.60915596353138
-0.0433390112377691
-0.800538658727141
-0.763302374950629
-0.0571310287302231
-0.786377071586248
-0.794540271787129
-0.17608748468549
-0.749394676046041
-0.022037500163229
-0.0191755311476016
-0.0057629831908998
-0.463807710637715
-0.0272070748054894
-0.0016100983919625
-0.892161295811401
-0.210366008566503
-0.63333270281397
-1.50218493339999
-2.47240054985711
-2.40422152311881
-1.70184381178241
-1.67327965953816
-0.738313095431549
-1.70037417272388
-1.71020793138125
-1.05323314827495
-1.02649526551283
-1.00467068802518
-0.98557398688782
-0.893844342887314
-0.9468540404545
-1.01846195070419
-1.84562801157861
-0.646817911783536
0.130860884537669
-0.589930200459974
-0.840373658134003
-2.48690813892726
-2.59647676946642
-3.5034362786332
-4.36335027087435
-4.3112339817945
-4.09515658169237
-3.41196044407599
-3.40643000626304
-2.61115056953743
-3.3257437495886
-2.26671906213826
-2.52140660842486
-2.44055716360149
-1.72329225875398
-0.91580818530901
-0.863525251096894
-0.879093400681148
-1.58075740511964
-1.64787793124742
-1.67660684249455
-2.57028731106848
-1.74812282061849
-0.226524998632464
-1.13282902316751
-2.18468505635994
-1.79019862230225
-1.61077608268366
-1.62683708966412
0.0614585693615474
0.059578780583335
0.510294877552397
1.41704646787431
1.26816343332671
1.61496204281969
0.741187176059546
0.917812308658131
0.400535060927114
0.0683560075940865
0.387136946782104
1.52408230633654
1.02862447504477
0.742236432046037
0.818759241482029
0.801543688289622
0.792262504194061
0.809459154989221
0.814679019634378
0.850340265548935
0.885623415910281
0.894641618308919
0.924694369776441
1.0986431458639
0.877993078917996
0.879503645541929
0.876287766142724
0.866752181303465
0.888450879409737
0.805844640538441
1.27407184242051
0.833949578170642
0.849603429348421
0.819657035827234
0.811892093554004
0.781411920769068
0.76987038681108
0.824061241296082
0.830460298873234
0.530638164723798
-0.0363657959056898
-0.0294494254260678
-0.0927693791731021
-0.0832862291207483
-0.13487070027987
-0.924260428099765
-0.153926657504989
-0.918981986282758
-0.951289876366609
-0.469443490773776
-0.974739792201185
-0.237147525332068
-0.219853377443793
-0.171024874538462
-0.291364889605375
-0.503699416381103
-1.00062709600676
-1.00336582696452
-0.928101102216544
-0.916821084703916
-0.880612682090045
-0.87252612914082
-0.10339670885812
-0.955627120064621
-0.951335841779103
-1.97004078011137
-1.27624391103329
-1.01236876356295
-1.10830017333476
-1.81663004607224
-2.09999774209916
-2.63301921512971
-2.6584313179756
-2.66498502531492
-2.70964483094852
-2.66343181364211
-3.00788268341481
-2.65194500563911
-2.64907471738865
-1.80832702514713
-1.87587345215553
-2.52309116673973
-1.73272468278656
-1.71844829746825
-1.74029555094392
-1.70838707667712
-1.73774786437115
-1.75503279544761
-1.72110145917926
-1.77016238768299
-1.692900313837
-1.74138640424263
-1.76214127055107
-1.00941570008102
-1.77572224864606
-0.962907807409177
-0.978438480092493
-1.04328401223652
-1.81181899495446
-1.85846184961831
-1.91915364375572
-1.85129375119019
-1.06244592298471
-0.784713030175728
-1.00775335843353
-1.10955754802405
-2.72919057780186
-2.01849969087884
-1.85699317742448
-2.02798152013574
-2.73751585535405
-2.54150990784625
-2.26517480213268
-2.27959236987284
-2.89557510508489
-2.83576704584301
-2.75972082959448
-2.54216175524752
-1.25373920561333
-0.953986632472434
-1.22355194363581
-2.12565848690506
-1.22825330667332
-0.707092264793298
1.33856638199999
0.819281043794169
-0.588801152643793
-0.687062170063228
-0.723335632437303
-0.693251974585318
-0.86431605054206
-0.843012829408429
0.631032147139732
0.12088428219615
0.703980004906309
-0.00893946395264765
-0.0621688380977747
-0.00917544730716446
0.52359928725512
0.311280932261181
0.726407639285909
0.0591823269058284
-0.135168967249403
0.382278860992679
0.520498745956389
0.872273783544038
1.48576200354426
0.799756509313038
0.0484014742837543
0.755313893689287
0.74151009206285
0.750067363491923
0.790764528166381
0.789536494877885
0.800950529581505
0.0876340952428439
0.212438135780045
0.827036334836912
1.41687578637782
0.85285505636259
1.51599728110696
0.869204400569299
0.851431259388898
1.42194879125935
0.852018444936328
-0.0260579772610563
-0.00264439628980686
-0.0606808745485998
-0.614159812301004
-1.44835687469681
-1.49205004194631
-1.21679766390192
-0.722440004574378
-0.741986202042973
-0.787792152244593
-0.830907686749713
-0.818764950677783
-0.808918719589632
-0.372335672577648
-0.789136609589918
-0.883506856519627
-0.900062615672142
-0.900657286387203
-0.885981564693445
-0.139821642537634
-0.88212698634597
-0.075246014760453
-0.0221594621114795
0.641782845459547
0.0189156923292047
-0.00840383162051891
0.712714041391104
0.32677393194848
-0.013217036336208
0.0417500273619484
0.0199904058755361
-0.616932411366765
-0.111219772476669
-0.419741374618072
-0.338551745445203
-0.871564100900894
-0.113123992380351
-0.851518485913206
-0.861749700291284
-0.568292926703028
-0.704496255360944
-0.955226383702377
-1.43055617649121
-0.925041541922564
-0.965193754325726
-0.963915753631227
-1.01078602013626
-0.766498661654328
-0.355545498847201
-0.220652324076758
-0.68607076961968
-0.99619988256704
-0.0594192013311104
-0.285801280923981
-0.836441917601712
-0.848795887309886
-0.840510146174487
-0.936478300006003
-0.932694052095983
-0.937648813076408
-0.956663355693373
-1.00086531238331
-0.378860689886149
-0.919374134014423
-0.155588861971031
-0.20174583132773
0.259251140502786
-0.18535895828203
-0.521717589732202
-0.221451578468158
0.675266873411362
0.679672515363176
0.700787830057261
0.693779788640541
0.733708430626351
0.731568001381929
0.725592653552154
-0.0558297281631986
-0.0102797906096248
0.123058419550554
0.607847195425942
-0.806156228262944
-0.567676256437962
-0.130609734335697
-0.0764145749606057
-0.121947133607179
-0.846070108980341
-0.867843535879722
-0.866194181082974
-0.900363036035495
-0.890095473768712
-0.880613245272889
-0.848427895821985
-0.0188197107809653
-0.402125862050697
-0.494269905344575
-0.0698742425511232
-0.0478551165417311
-0.0583089860107624
-0.101724625366862
-0.00934422783855338
-0.774402660413953
-0.853886086742295
-1.62051370273894
-1.6726836831915
-1.65986600811032
-1.66360798191543
-0.919792620008972
-1.68729844091897
-1.6959246092353
-1.65086040391702
-1.69277784302471
-1.68748625608953
-1.6489726725572
-1.70897838111757
-0.935291372718519
-0.912936463357908
-0.92097951517838
-1.73507514176976
-1.64665646059445
-1.00641331945303
-1.84705475578889
-1.73666729414254
-1.74743216043476
-1.74774175494664
-1.34304535776152
-1.73227890015661
-1.769826616903
-1.80212678884366
-1.81788578381716
-1.81997019005573
-1.78301031130729
-1.73852561629685
-1.76376654198155
-0.17564043037891
-0.155257237482625
-0.853143271151465
-0.908190063960686
-0.885240995661332
-0.824796855475808
-0.0214453560674715
-0.521120013987154
0.806389817379198
0.821056083197318
0.803275331080052
0.83983996173537
0.839004442484321
0.0484936624186441
-0.0172571940644652
-0.0957491687766839
-0.86366355084525
-0.891757582307106
-0.911689086279271
-0.916780806304001
-0.928583741741169
-0.928817859626876
-0.927357763259779
-0.92867551960203
-0.917455938843172
-0.919723976179057
-0.9050880102297
-0.922535706533233
-1.03872903691964
-1.51540321601481
-1.55618129153148
-0.952348195424583
-0.956462984418935
-0.941107750264514
-0.924607527290441
-0.0923056000481993
0.688536255262802
0.765228736049621
0.75434943699991
0.762628200347196
0.796652411897935
0.671439981800773
0.813871126495168
0.809187367808748
0.810917448746509
0.813310037914441
0.804658732588257
0.779386276894268
0.790278910300544
0.778867813486875
0.824196914272261
0.796286964690573
0.794285641706465
0.472012969244225
-0.524411880553779
0.655724514429611
0.00404218647187648
0.796857443476792
0.0104958441140426
0.0418752562449922
0.0653626175432429
0.0650407455839108
0.0455376480701512
0.682233648857304
0.0486207767390743
-0.010222480452316
0.000316114407883705
-0.0188435971979448
0.0126164047662083
-0.00505669214871321
-0.01082700771964
0.0046909486110792
0.0645959579612089
0.085439713772944
0.0416541089388846
0.00509112274926111
0.0104402782698885
-0.000977374924973462
-0.785120645187942
0.0293867119595248
0.043194059685192
0.111833911561388
0.890044435142602
0.719479274271212
0.119540661799485
-0.610306201126906
-0.566055433572921
0.310918062632059
0.922333002445479
0.934150110504651
1.64093195629902
0.882879320874226
0.891616180271857
0.911730740370949
1.76090998886176
2.51402107167494
1.74739129962437
2.58172340315196
1.89715887995558
3.38580712434932
3.41093861683265
3.42400584311609
3.45015404531222
2.81496978680606
2.71223845449866
2.70130205947217
2.27158092238432
2.87690948693418
1.96259159181034
3.30798225487988
2.64975192930705
2.64526689924981
1.93941300086607
0.298067475865513
1.85141802629848
0.938504500966381
0.276058087917418
0.056882946962782
0.111082129869691
-0.0163669260109802
-0.585152163011594
-0.44870958100022
-1.21352795274041
-1.63202807839575
-1.58686756924747
-1.60494940798071
-2.35584697197514
-0.970171809238223
-0.0454585065897688
-0.293482175821897
0.595595068665282
0.243445211180918
1.47865207241872
1.3672772926439
0.724951650208057
0.768748984793932
0.577543599858786
-0.125237503762561
-0.209834190749181
-0.881558630901938
0.61352090945811
0.674966024067975
0.556206516008928
-0.0809380254473208
-0.0430462401461713
-0.0625130940668859
-0.0773881536456422
-0.0656772436810029
-0.0839231107863435
-0.105095411171219
-0.00690352020154652
-0.0435907684110533
-0.0213613394272763
-0.00282339320494575
-0.0128963002362671
0.720669040649125
-0.0151357809316953
-0.0233526318985331
-0.118299814570971
0.00742665885112084
