1	0.0912713288064129
2	0.0594113458093266
3	-0.45875946433561
4	-0.541749930214519
5	0.0376883155295315
6	0.625038688308379
7	0.830312286272849
8	0.0281102428932422
9	0.0266645531440888
10	0.00842339669396563
11	0.00451119866034527
12	-0.145779384001007
13	0.110191697205482
14	0.566858801214513
15	0.612466568130282
16	-0.168435044283459
17	0.241474982992946
18	-0.165711620535562
19	0.785222949053965
20	-0.69954735391167
21	0.0823141567910551
22	-0.000839167143731112
23	-0.105401795855661
24	-0.127459443513258
25	-0.128575616340321
26	-0.157796340133603
27	-0.0983675128267745
28	-0.909478739096786
29	-0.145366766165908
30	-0.204810623564422
31	-0.829783485328789
32	-0.866412513379138
33	-0.642807105096807
34	0.266005318440156
35	0.657354021179381
36	0.843377260251169
37	0.82017136139575
38	0.783120468170152
39	0.0980427994426178
40	0.532227804396286
41	0.876758053574854
42	0.295977558741477
43	0.852819322005402
44	0.220852254483605
45	0.860856230498327
46	0.82341979336134
47	0.182946732624053
48	0.204632366157546
49	0.242955727003173
50	0.426579348345009
51	0.751884466879889
52	0.637714308467598
53	0.208110677899619
54	0.119693501302075
55	0.0753363237986799
56	0.137425396982786
57	0.201041284772465
58	0.842327494808848
59	0.113449419981779
60	0.363677838250116
61	0.874841262501746
62	0.881417219178526
63	0.327667508359548
64	0.870478086877922
65	0.849409527822943
66	0.873656969156162
67	0.895067316513582
68	0.889976707079083
69	0.877220664788545
70	0.88943515140417
71	0.0670335603844249
72	0.880860239359
73	-0.531717359599298
74	-0.417559453580315
75	0.314427683324713
76	-0.627516093063667
77	-0.541896896259163
78	0.0878112572431229
79	0.230093700728261
80	1.24825793629808
81	-0.0905616566382837
82	-0.790214859518122
83	-0.652171728387638
84	-0.0820135465530595
85	0.0425814799216783
86	0.0399016037923497
87	0.0371562908245682
88	-0.0410090969025715
89	-0.0663295281366161
90	-0.77171646002942
91	-0.0643535687256739
92	-0.0203395206705669
93	-0.121364239874982
94	-1.24807383512292
95	0.0180768671672209
96	-0.778598669525704
97	-0.925636509525627
98	-0.805229612405152
99	-0.780969581686993
100	-0.778962144395519
101	-0.547830438812997
102	-0.826596370593198
103	-0.837551210272414
104	-0.18096539860207
105	0.646430469653798
106	-0.025189379401714
107	0.0859695409743602
108	0.79023721151144
109	0.566121130586734
110	-0.323998112402766
111	-0.863491933227598
112	-1.62485757478571
113	-1.68395619047874
114	-1.64220068807016
115	-0.79221613512961
116	0.0415515644352223
117	-0.754626363149116
118	0.0420346294512264
119	-0.458128178625205
120	-0.136074926554115
121	0.869015780986915
122	0.866532890940159
123	1.33780342032015
124	1.07730359098152
125	0.141155351534119
126	0.150187605907429
127	0.14127844098577
128	0.182356068285446
129	-0.699154371124713
130	-0.673542865699733
131	0.297940478321239
132	0.0433418215108555
133	-0.240740970231045
134	0.485635107019491
135	-0.771887556161221
136	-0.727009929316935
137	0.103078711111781
138	-0.770976424759229
139	-0.793392685537934
140	-0.837771455754494
141	-0.857425059236112
142	-0.845576887579954
143	-1.22342223020817
144	-0.83662007884073
145	-0.844089256097601
146	-0.807137969444682
147	-0.818202681853655
148	-0.78733233411493
149	-0.776299397810378
150	-0.76930793038452
151	-0.827216414770685
152	-0.830821547693416
153	-0.803575162313991
154	-0.767039761418883
155	-0.309177552372384
156	-0.555750034847338
157	-0.0229067142581521
158	-0.00429494631073566
159	-0.0437052777966489
160	-0.0430716108994866
161	-0.850579125231927
162	-0.906537869351431
163	-0.884249940156338
164	-0.894316659428301
165	-0.878909506595536
166	-0.86108756059742
167	-0.86016031830082
168	-0.117965755178404
169	-0.352858522306158
170	-0.887723914414465
171	-0.912517421052336
172	-0.897401993298965
173	-0.893673000567284
174	-0.895083565309988
175	-1.09676421720297
176	-1.63352128500858
177	-1.61944009761455
178	-1.66960050396037
179	-1.67364949069583
180	-1.67968900492662
181	-1.74163494619173
182	-1.64463192711438
183	-1.69979037892476
184	-1.41934910518111
185	-1.6966856259004
186	-0.808898342393948
187	-1.3119431130791
188	-0.139001580746809
189	-1.07715218506147
190	-1.52506786010234
191	-0.75281633839991
192	-1.54320668602628
193	-1.46944116399851
194	-1.51711761495675
195	-2.31794016882275
196	-1.01448967121611
197	1.49824071399255
198	0.311455875510725
199	0.241919845381873
200	1.81311348155027
201	1.75242723581749
202	2.07717586505253
203	2.62051093055908
204	2.13927453722682
205	1.83685194806668
206	1.80301778580297
207	1.75626964140814
208	1.80054282633114
209	0.333768483056042
210	1.63739875720487
211	0.837397092612066
212	0.0404798985046907
213	0.0736381019190535
214	0.0888312212866768
215	0.212504664524384
216	0.154301346037151
217	0.228374522116933
218	0.307969654057702
219	0.104362229205086
220	0.108363285865779
221	0.119630958462018
222	0.871509011667459
223	0.109479719647168
224	-0.058615391690154
225	0.641769962598326
226	1.59576592628421
227	2.28998669040952
228	1.55434926467368
229	1.79546898330834
230	2.42574750487912
231	2.881800009115
232	1.90242708107364
233	1.48458602214842
234	1.90967779100708
235	1.48479388775965
236	1.46881244732535
237	1.836376716822
238	0.796362459844603
239	0.877050494369893
240	1.26721438055374
241	1.69554634108338
242	-0.0545460112820068
243	0.830054977781852
244	0.701418241393157
245	-0.755351032570235
246	-0.159168310028289
247	0.175321664172513
248	1.33797379729065
249	0.648115341523838
250	1.07944953717596
251	1.70595754053422
252	1.78604006925645
253	1.7838003536626
254	1.29287381476065
255	1.80755631204509
256	1.81656665895507
257	1.79138199417603
258	1.74972196825644
259	1.76845429403737
260	1.07149420385393
261	1.77445978703532
262	1.80167028457032
263	1.75548026962182
264	1.11641659500558
265	1.7761977372637
266	2.61918205652917
267	2.49213726723181
268	2.43763822374965
269	2.55893335921296
270	2.4926809203976
271	1.79794571161753
272	2.50151701331954
273	2.60119065790905
274	2.60834946602929
275	2.60093101044788
276	2.55907010922932
277	2.4958213507164
278	0.851703984687529
279	0.867244086569452
280	0.865826137831192
281	0.872296639157279
282	0.819240788369754
283	0.840336606687839
284	0.86905696125942
285	0.858813322129504
286	0.820910628072763
287	0.733727138334882
288	-1.12165465381052
289	-1.43884678377274
290	-0.578216015767472
291	-1.53363850407466
292	-0.777097862728239
293	-0.684719388463809
294	-1.4669605988504
295	-2.41267064795408
296	-1.66971363848542
297	-1.66427300640517
298	-1.68877844198766
299	-1.69797538420557
300	-1.69516408644892
301	-1.68186098252713
302	-1.72312152556962
303	-1.7488427284381
304	-2.38060845952158
305	-2.61470738438445
306	-2.58063242427288
307	-1.738725376272
308	-0.950659787060844
309	-0.97343146281189
310	-0.867571027401523
311	-0.820577938588603
312	-0.843996314569842
313	-0.945968967271533
314	-1.22226064684264
315	-0.918602796682382
316	-0.100565448877041
317	-0.0452793421675996
318	0.824856878442689
319	0.931934923931227
320	1.63281425164361
321	2.43881721428683
322	1.18696692247589
323	0.931561102296012
324	0.877047161646046
325	1.36923385032679
326	-0.118328696191392
327	-0.204906001397251
328	-0.0160578621890337
329	-0.882259555839948
330	-0.882415023918663
331	-1.62821359869834
332	-0.831696537253617
333	-1.57433365933767
334	0.212005258999384
335	-1.41686414268207
336	-0.811935913830853
337	-1.23277199327325
338	-1.72669517667724
339	-1.26529527478949
340	-1.70728307849174
341	-0.906073536923576
342	0.538426421791858
343	-0.738937506082618
344	-0.268692142887002
345	-0.983936009650593
346	-1.74209283189462
347	-1.97408573070284
348	-2.42509185013256
349	-2.52235862385342
350	-2.7193118853925
351	-2.73118410247886
352	-1.65236038222933
353	-0.830840016486483
354	-0.864135135989567
355	-0.908340517893145
356	-0.866759660923116
357	-0.84016317610841
358	-0.829062119716667
359	-0.198024827814038
360	-0.103233437623942
361	-0.132186237968713
362	-0.314337984337918
363	-0.782816905918491
364	-0.23744423599402
365	-0.868349492828675
366	-0.869011436336227
367	-0.871422571036432
368	-0.867041912340353
369	-0.867295412915445
370	-0.857785683645269
371	-0.15550206926652
372	0.666131663022768
373	-0.0422758042798393
374	0.626685142060623
375	-0.0130192356728858
376	0.82204652052113
377	1.42490071500406
378	2.01085279222565
379	2.56589275554611
380	2.5171519090348
381	3.42160385036952
382	2.78882754221222
383	2.61305099504537
384	1.76553800459441
385	1.42286879462148
386	1.00260327701624
387	1.62964897288471
388	1.86685443347424
389	1.08897185913035
390	1.03788193537294
391	1.83967115629638
392	1.8283693169203
393	1.79475896119552
394	1.80378974516651
395	1.8040350827576
396	1.81045245725323
397	2.64198807193393
398	1.20386057364934
399	1.57903797965945
400	2.35250769722902
401	2.07097409598436
402	2.01135395868877
403	2.04783380044845
404	1.95724903364888
405	2.26439097355272
406	2.16684246664821
407	2.79564480485471
408	2.78980693905879
409	2.82527829411906
410	2.88709209901864
411	3.64146261051848
412	3.61322071118103
413	3.00805072141295
414	2.19568584684126
415	3.01818544533915
416	2.79314519264381
417	2.98425047553711
418	0.662248094309249
419	0.492109192622031
420	1.1452513147438
421	2.01342038206646
422	1.51022056478363
423	1.44697964340151
424	3.47547768501596
425	2.90856873271702
426	3.07936726441551
427	1.88981799352814
428	2.70200936544957
429	2.72369641725553
430	2.68947940967846
431	2.31091018900367
432	1.83423404819428
433	2.64195452530434
434	2.59080121582207
435	2.50582708263719
436	0.975901312015525
437	1.72058215097483
438	1.73940454129532
439	1.75050618168991
440	1.72027758208234
441	1.74127170645464
442	1.71483489732117
443	1.73934717886991
444	1.713935183985
445	1.70807382852414
446	1.60394290246262
447	1.63750313160109
448	1.67169074373465
449	1.32338528102354
450	0.931771106943624
451	0.967325199503802
452	0.980928453889276
453	1.83250270501827
454	1.82215426266619
455	1.80051079839831
456	1.81771305431134
457	1.81877073678907
458	1.82147426964212
459	1.78531082912863
460	1.76465261129778
461	1.78070064492981
462	1.90640351054888
463	1.79311552570362
464	2.2179435161995
465	2.46838741768674
466	1.65001521888815
467	1.0764583705053
468	0.982523202022312
469	1.63696564066852
470	1.73792620111754
471	2.53331369012352
472	2.60617319059356
473	3.38194564054862
474	3.43831174678443
475	1.85166746092457
476	2.68443196780414
477	2.79909788113325
478	2.73100587488139
479	2.18034220902884
480	2.51991996055877
481	1.93392134115641
482	2.63458715287774
483	1.474588207518
484	2.24424963476333
485	2.97480410762536
486	3.52908866674616
487	2.72378200103713
488	3.55774496316478
489	3.53429261637694
490	3.53183306937657
491	3.52227557611882
492	3.52740193445678
493	3.65584513184943
494	3.49671164608757
495	3.46687501861101
496	3.4718174098077
497	3.47623347985094
498	4.11753479745762
499	4.22707372911088
500	4.16417997338303
501	3.46487508815412
502	3.47025111792912
503	3.46237043708907
504	3.48342372836716
505	3.44236745851704
506	3.49072787856949
507	3.39222979681555
508	2.68201909060496
509	3.50027539518628
510	2.89833515599447
511	1.80145698139618
512	1.6911311298736
513	0.252950040371125
514	0.206785374816448
515	-0.121202999960651
516	-0.00875797309613686
517	0.000483477041018407
518	0.061136659815431
519	0.540664354366902
520	0.538330261549915
521	0.718168419791006
522	0.726682100741062
523	-0.352503706846906
524	-0.734345763981908
525	0.829769906966599
526	0.403595602860528
527	0.848853443262972
528	1.54556336694008
529	3.02825661713839
530	1.64840272592228
531	1.47508407060621
532	1.21132316124955
533	0.934310111143863
534	0.983453655245277
535	1.37154218612246
536	1.65602281762146
537	1.18513142427571
538	-0.236925553816906
539	1.01955554748165
540	0.226205007402476
541	0.9856686964611
542	0.887474806176386
543	1.33487199590409
544	1.53392485709991
545	1.46840647304022
546	0.151528539210263
547	0.905824678584017
548	0.971250954093106
549	1.65041546455758
550	1.6599677028253
551	1.70512155113517
552	1.75693917933028
553	2.05081090981097
554	1.81350628792815
555	2.55466556032924
556	1.12427658224965
557	1.38273180703883
558	2.17233401435031
559	2.02428492494712
560	2.60864689858097
561	2.57932641828048
562	2.57223236164387
563	3.29975519977104
564	2.57672525358588
565	1.84540099893126
566	1.07631383254928
567	1.01856192158603
568	1.57327380006845
569	0.993004146342509
570	0.941850000336748
571	0.461398246243146
572	0.348898698497305
573	0.87421228794597
574	0.96166476631018
575	0.908265472146642
576	0.541270987176679
577	0.112226995774337
578	0.895332280259116
579	1.53253974630081
580	1.46924413136557
581	0.937858383721371
582	1.5963473707587
583	1.68976417071044
584	1.64911368942488
585	1.75119723428073
586	2.60115744081619
587	3.0329965484225
588	3.2610375987533
589	1.74063664779755
590	2.12223706709392
591	1.70448162868984
592	1.74953216719714
593	1.21684621508525
594	1.75177897658103
595	2.49182828480131
596	2.44321844478636
597	2.65272097200594
598	1.79736142440253
599	2.43305528838657
600	2.42321943165656
601	2.3354436550354
602	2.4044448135841
603	2.50564256575452
604	2.11892976514323
605	2.40096140797918
606	1.61916626328015
607	1.66905138487829
608	1.08240372687973
609	1.65557638163448
610	1.70397735602888
611	1.64353926905917
612	1.64091769797795
613	1.1780679319713
614	1.56838595340235
615	1.56099386061912
616	1.58004610913207
617	1.79101818046235
618	1.8211183772142
619	1.84239903265367
620	2.38599176690054
621	2.44521737180263
622	1.07094979629304
623	1.18092645881838
624	0.548630364715173
625	0.91855602007129
626	0.94734741583142
627	2.14450882443801
628	0.979537335412606
629	1.12897302290963
630	1.68157164627702
631	2.29751681371249
632	2.36741808609276
633	1.67961312443837
634	1.60326554691405
635	1.67635364882889
636	1.32793882801066
637	1.41825613593427
638	0.131396084429871
639	1.2740310657988
640	1.70549320097174
641	1.00995823179966
642	1.10065865490084
643	0.635403286539618
644	1.55588335419881
645	0.0513395894929655
646	-0.535555724023448
647	-0.499523679828456
648	-0.669618972622339
649	0.142178535067868
650	0.122155708923933
651	0.564279150937897
652	0.481307314317772
653	0.52617965196464
654	-0.542218154887821
655	0.0857021918650279
656	0.803774058526453
657	1.12507743601449
658	1.48241855151674
659	0.872498296558909
660	0.87320171224882
661	0.876876338064509
662	0.8694330651638
663	0.886024709899564
664	0.858804729472463
665	0.878580234708294
666	0.886948674472675
667	0.908775779051634
668	0.899708671510173
669	0.103333739896714
670	0.0398403122541367
671	-0.616720815338271
672	0.0378373362733959
673	-0.612363860831014
674	0.123421700208055
675	-0.224426008999086
676	-0.155183688562002
677	-0.745442756276605
678	-0.782349727418793
679	-0.494463731889937
680	-1.12953115538539
681	-1.12109297479621
682	-1.39781007815972
683	-0.0102871252020444
684	0.102127617675824
685	0.121017085236328
686	0.0358125649138371
687	0.29552434049577
688	0.0421291905667067
689	0.0167461362248734
690	0.0864461900937869
691	-0.0325178901049953
692	-0.116303683905041
693	-0.22459621286275
694	-0.0733408795995481
695	-0.690751259124026
696	-0.892769980268474
697	-0.891745843072551
698	-1.71435792923475
699	-1.73809007778502
700	-0.90526890930528
701	-1.59595795127533
702	-0.830519593927044
703	1.52092528326575
704	1.41950285980387
705	1.67042384861996
706	1.0159063531113
707	1.88957126670272
708	0.791094808814643
709	1.62156783524375
710	2.52091323368372
711	1.7378018759434
712	1.79715465371352
713	1.75415467261713
714	1.76772855780323
715	1.8116609280505
716	1.79274102569708
717	1.78255653662693
718	1.25297495218846
719	1.78869000168146
720	1.75554193407825
721	1.78024383744686
722	1.83199409783826
723	1.81310477356901
724	1.81927847501423
725	1.87593483610209
726	1.78081231983816
727	1.76584591807867
728	2.51087767648187
729	2.32773120959876
730	1.83667604788012
731	1.70833130646391
732	2.44733220389992
733	1.8117652947139
734	1.80160996178628
735	1.1536672396185
736	0.968906036692591
737	1.7257405140393
738	0.815588424432366
739	0.813634352162284
740	0.876298029267965
741	0.210397241406815
742	-0.628410180811233
743	-1.03680346498658
744	-0.727750403917924
745	-0.761171252206044
746	-1.58393342993696
747	-0.939149538814734
748	-1.52531383652067
749	-0.961239115809168
750	-0.991628215348399
751	-1.67813607332831
752	-0.176770431296858
753	-0.39674114477804
754	-0.793793086402361
755	-0.147046900976289
756	-0.641471647857543
757	-0.904693454878736
758	-0.985151642153624
759	-2.39988480034073
760	-0.835391748337733
761	-1.28047577122965
762	-2.59856288130771
763	-2.55078293796509
764	-2.55367823556859
765	-2.90341972773867
766	-2.15687555756718
767	-2.15465275546279
768	-1.76012129146105
769	-2.30664579811032
770	-1.70420660988756
771	-2.39328419817953
772	-2.8246696166214
773	-1.81045530887815
774	-2.00736399948551
775	-1.66344584193764
776	-2.20216208751427
777	-2.14028525205869
778	-1.56663289698129
779	-2.24099527633417
780	-2.13772100643516
781	-2.53954257398
782	-3.8300068013824
783	-2.70443879743566
784	-3.65760135798844
785	-1.80280920207592
786	-2.5270343602181
787	-2.0745972873973
788	-1.78817792439435
789	-2.21335565520396
790	-3.26829625644507
791	-3.19242093596592
792	-3.24605377940459
793	-3.42291195046015
794	-3.10591981189679
795	-3.97600354078771
796	-4.6829796296669
797	-3.86113405477652
798	-3.38374230210219
799	-3.74816256676043
800	-3.36537882424079
801	-3.60820205647878
802	-3.22005080781294
803	-3.43636975883164
804	-4.18759686207141
805	-4.22212392648498
806	-4.17619618271988
807	-5.01474760055522
808	-4.99994898744295
809	-5.07879459813692
810	-4.08637256515854
811	-4.38882633990311
812	-2.90083610905694
813	-3.69970363879983
814	-3.64010264642722
815	-3.55841788057639
816	-3.93975072340091
817	-2.74494700895826
818	-2.94113885254156
819	-1.07490945360782
820	-2.28876191957455
821	-1.26909138614746
822	-1.77395674956904
823	-1.28564183710771
824	-0.54738609052529
825	-1.09557128000233
826	-1.02869289769857
827	-0.955817711276297
828	-0.927765176397752
829	-1.72695741775311
830	-2.13353427428704
831	-2.67688501408145
832	-3.06073815907678
833	-2.5842975243196
834	-2.99533339008127
835	-2.67429417857992
836	-2.09914007254982
837	-2.54110432732834
838	-2.45518610176857
839	-1.77044865342324
840	-2.10263626839621
841	-1.67856921681822
842	-2.41421684734506
843	-1.7973552189736
844	-1.08817587759305
845	-1.88865925327667
846	-2.62652466432473
847	-2.62173739279709
848	-0.91857665707837
849	-2.36514401894941
850	-0.437644952993139
851	-0.941595066957909
852	-1.42567227439827
853	-1.71260644269946
854	-1.13711854711572
855	-1.28926841737463
856	-1.21041320521078
857	-0.548012115570151
858	-0.941839874601679
859	-0.992869347016078
860	-0.901907985568423
861	-0.893909664411349
862	-0.0149107339162241
863	0.674312317454205
864	0.149795806846782
865	0.0336816526265637
866	-0.00893703498495885
867	0.0535190390503165
868	-0.635662224134797
869	0.0333145278138919
870	-0.724471407415537
871	-0.0791682744128621
872	-0.181304949710471
873	0.590914710139061
874	0.506525745159698
875	0.0308887665132645
876	1.30127796413233
877	1.35672119215047
878	1.27720506131191
879	-2.63741461844144
880	-0.371687328471376
881	-0.265832491703336
882	-0.918392858354854
883	-0.297928867554083
884	0.525603490533387
885	0.47226404173521
886	0.235314936235092
887	-0.919341896196244
888	-0.82075542512975
889	-0.0988047274045967
890	-0.0462103405838353
891	2.96040633519706
892	3.16158110715645
893	2.36349325669874
894	2.48923369590785
895	1.7913199000855
896	1.89957490383787
897	1.78513752920467
898	1.76753511045366
899	1.70826763111677
900	1.74195618996982
901	1.00397060212334
902	1.08502134566756
903	1.65360955317406
904	1.35784538429021
905	1.73477862667101
906	1.70182130179609
907	1.70828799343187
908	1.73390204812241
909	1.72107406600086
910	1.77824166018732
911	1.78309581352589
912	1.79623753406074
913	1.79183193486572
914	1.7903556991817
915	0.985354774834863
916	1.7480828189745
917	1.78509115180824
918	1.15390876259448
919	0.969253994593821
920	0.916831505955207
921	1.13747074399711
922	1.84039936828654
923	1.84197796145808
924	2.65133331458444
925	2.69038556594456
926	1.8974231588252
927	1.91219968761359
928	2.70674094409235
929	3.52658692212267
930	2.27192727774575
931	1.70399716765313
932	1.71578412045905
933	1.81838441725501
934	1.09193656269928
935	1.07764821670376
936	1.19923732179061
937	1.78001784739915
938	2.17173800898596
939	2.60668257184261
940	1.73838134129895
941	1.71637854521693
942	1.77153676809493
943	1.76398200025571
944	1.69119565093283
945	0.974362235152201
946	1.7607684777137
947	0.928043494237636
948	0.862082397152846
949	0.850508632046183
950	0.7806223916141
951	-0.731373067370439
952	-1.58903355654718
953	-0.843872905362075
954	-1.46431013532109
955	-1.39298461852697
956	-0.765110534841074
957	-0.777068251372281
958	-0.779632413358897
959	-0.151217854329406
960	-0.0107173843177287
961	-0.144895403336676
962	-0.816440129784892
963	-0.826269144715756
964	0.396755227822993
965	-0.0801049099702642
966	-0.0798144757711409
967	0.460035156928655
968	0.626272114153994
969	1.60376002650312
970	0.821506252867447
971	0.688660741563326
972	0.720907421521808
973	0.322710800690981
974	0.0792960460661933
975	0.124722956396277
976	0.139693358642306
977	0.154411835464733
978	0.911710617663221
979	1.7674960999461
980	1.70529404851774
981	1.69123022132598
982	1.70843810667404
983	1.77767920025814
984	1.77686938110357
985	1.73455793459825
986	1.73276561652153
987	1.74892359228254
988	1.71568240246725
989	0.917429531589683
990	0.914491747359758
991	0.905619178632776
992	0.897531372316003
993	0.889963643933029
994	0.899886638407897
995	0.896092368884525
996	0.893543931557553
997	0.911867033859681
998	0.902446267971659
999	0.900551858096719
1000	0.900708014813376
1001	0.919335899493032
1002	0.90502977963048
1003	0.884323716823926
1004	0.891780147922766
1005	0.901683306501468
1006	0.89536592954832
1007	0.818843186409933
1008	0.88867180309619
1009	1.42266023057215
1010	1.44900403201283
1011	0.995686616101344
1012	1.65528168236256
1013	1.68315011372614
1014	1.69525320749065
1015	1.69563729067763
1016	1.02374224440196
1017	0.878254747645799
1018	0.821927075939646
1019	1.46422639038717
1020	1.33036510230824
1021	1.12073200662304
1022	1.31829273429769
1023	0.850785846563546
1024	0.194205041201064
1025	0.137528412643572
1026	0.646886173143483
1027	0.372991250767478
1028	0.215465393032605
1029	0.327810598551789
1030	-0.575686143803955
1031	0.130955868647724
1032	0.870422429401014
1033	0.698499195198669
1034	0.855359631083018
1035	-0.10203770966663
1036	0.943062580454838
1037	1.72281778611805
1038	1.86705735515155
1039	1.86459703785807
1040	1.71480318185187
1041	1.53753528480125
1042	0.474503688383515
1043	0.558596711407643
1044	1.02590449788289
1045	1.74567381854724
1046	1.76897402469483
1047	1.75870333297563
1048	2.41201073205984
1049	0.950869663572909
1050	0.914129116207804
1051	0.36673649439953
1052	0.139450932519938
1053	0.142635702039668
1054	0.733454957713454
1055	0.0751196984820305
1056	0.0619102446442898
1057	0.0786814098792895
1058	-0.600597232236716
1059	0.0677142773235224
1060	-0.699657413224089
1061	-1.48486105615455
1062	-1.12567983514816
1063	0.00921922803429871
1064	-1.42796616665616
1065	-0.767727844185652
1066	-0.0495306416293198
1067	-0.693084875732509
1068	0.90212155630582
1069	0.906255461979983
1070	0.701442308998836
1071	0.790225267966956
1072	0.892596919753674
1073	1.69725141312412
1074	1.90509828983731
1075	-0.678330870664996
1076	0.171973916911519
1077	-0.724774450887523
1078	-0.241393456258587
1079	-0.721237460946832
1080	0.763732612251371
1081	0.105717554865651
1082	0.108716642384152
1083	0.238880825697386
1084	0.0431585699496654
1085	0.0736917257237981
1086	-0.977086134503071
1087	-0.473109193872559
1088	0.0810179580028941
1089	0.595295556258317
1090	-0.700426737319926
1091	-0.338017393632342
1092	0.078551850501646
1093	-0.648229615192809
1094	-1.01963598425986
1095	-1.32972577889435
1096	-1.34565710411553
1097	-0.759992160872619
1098	-0.26943387610825
1099	-0.362538929398795
1100	-0.179457854783359
1101	0.810838925967129
1102	0.803576164592184
1103	0.0280821773607809
1104	0.144565131839426
1105	-0.0102124799246238
1106	-0.279148159042189
1107	-1.67525503772998
1108	-1.67843040321325
1109	-1.73115497228108
1110	-0.0800674145246758
1111	-0.69021104135245
1112	-0.957362105916375
1113	-1.41722098434609
1114	-1.88014761266171
1115	-1.45581709400606
1116	-1.33592373942095
1117	0.0848293370777889
1118	1.47969595030581
1119	1.84722330564748
1120	1.1421032351282
1121	1.35132351111744
1122	0.409533513384649
1123	2.33525204885396
1124	1.23481675633588
1125	1.8192868934787
1126	1.7486490305876
1127	-0.706473225247395
1128	-0.583720426508907
1129	-0.674616744687034
1130	-0.725701409883071
1131	0.0780027069751087
1132	0.224648362249071
1133	0.794311663940089
1134	0.0444823730942939
1135	0.870929543994257
1136	0.85547293391229
1137	0.891170902379079
1138	0.443747427888113
1139	1.72401042659254
1140	0.967083055756309
1141	-0.371454893128873
1142	0.897421629217084
1143	0.982584769934638
1144	0.992601833495065
1145	2.82096483198488
1146	2.47689082134595
1147	1.77109980088963
1148	1.90201357071011
1149	0.250842318642729
1150	0.990225255652143
1151	1.42744950716353
1152	1.72927915415881
1153	1.50572791825776
1154	1.37738809261108
1155	2.37416132179894
1156	2.15884159179846
1157	2.0391773222446
1158	1.46082145379538
1159	1.63897697579723
1160	1.64596170980773
1161	1.65440031828484
1162	0.136633321342135
1163	-0.15162192707507
1164	0.171929206048472
1165	0.804791357269934
1166	0.115224227229844
1167	0.18396593854563
1168	-0.792915826011224
1169	-0.814547103842948
1170	-0.746408034512818
1171	0.198817750731198
1172	0.745565329320235
1173	1.70911412992018
1174	1.02409305134318
1175	1.00742243711355
1176	1.82532491102749
1177	2.63361340658938
1178	1.70704183728735
1179	3.03651511513253
1180	3.33106180423238
1181	3.31135274483579
1182	0.971641056856699
1183	2.54415384267129
1184	2.5870725631217
1185	2.62672706230131
1186	2.63306031249305
1187	2.66978166813932
1188	2.47659081635873
1189	2.00943130355792
1190	1.91536611271536
1191	2.69971670822653
1192	2.77388245738458
1193	2.95482482935388
1194	3.47175593677176
1195	2.66837504138718
1196	3.2288568148777
1197	2.59680251299986
1198	1.8634733027366
1199	1.78503608281623
1200	1.77131216322848
1201	1.77663652254851
1202	1.73713922314569
1203	0.986602674775591
1204	0.901721983912779
1205	1.74686338116732
1206	1.78967645642165
1207	1.77889430538478
1208	1.76944298257237
1209	1.77001927707857
1210	1.76447522622024
1211	1.77088839518788
1212	1.76887332135207
1213	0.907992888055398
1214	0.467891708019797
1215	0.0449587119087753
1216	-0.695651543171921
1217	-0.00884365390153327
1218	-0.224850608602918
1219	0.0113345293562817
1220	0.132674423806645
1221	0.894669973139933
1222	0.871477355860169
1223	0.842875669339389
1224	0.912640427718699
1225	1.65410361040184
1226	1.61222643820821
1227	0.908280714086463
1228	0.943474929885414
1229	0.731266337966645
1230	1.95172397625498
1231	1.56745827356559
1232	1.46956246279126
1233	0.112779642818106
1234	0.0112455158938038
1235	-0.0124206013735666
1236	0.00977341419611
1237	0.0528675349936418
1238	0.0528108411289399
1239	0.00137373455906231
1240	0.0532326726653539
1241	-0.125848652420234
1242	-0.8033367275399
1243	-0.452481687339585
1244	-0.0136264439994575
1245	-0.010192542466762
1246	-0.808805225155139
1247	-0.484667767019298
1248	-0.764144759574023
1249	-0.0543980042209915
1250	-0.0678401537504893
1251	-0.0413969833254947
1252	0.265560318782843
1253	1.03483221669848
1254	0.849035381125715
1255	0.0312888060876606
1256	1.58918570215023
1257	1.56666288131165
1258	1.47816154675149
1259	0.434591491176449
1260	1.73753600113368
1261	0.946029998618246
1262	0.929123672688851
1263	0.203406572967096
1264	1.70396719307395
1265	0.859506394310952
1266	0.826739462034974
1267	0.0353893041511186
1268	0.567535167078859
1269	0.889881494111192
1270	0.898693616965333
1271	0.928743906903933
1272	0.92053395164722
1273	0.889135577145726
1274	-0.0708155600585867
1275	0.0369425256525195
1276	-0.0298979404633781
1277	-0.102406683723573
1278	-0.912602164192041
1279	-0.893677773056454
1280	-0.889545438913291
1281	-1.23014232884639
1282	-0.763454382431268
1283	-0.962332449314597
1284	-0.882016018815211
1285	-0.853587168881064
1286	-0.885534413315342
1287	-0.803532308060617
1288	-0.886920644179418
1289	-0.181973293111358
1290	-0.144491119544964
1291	-0.173772888939593
1292	-0.34246715246513
1293	-0.0878770883836682
1294	-0.672287699370368
1295	0.629155403566433
1296	-0.021088052714141
1297	-0.0804606287826244
1298	-0.794918313564247
1299	-0.834962701090733
1300	-1.24916662038335
1301	-0.898366453202909
1302	-3.02663927927003
1303	-2.10609752919939
1304	-0.844200008573601
1305	-2.35158267032499
1306	-2.37095252590713
1307	-1.07892379623398
1308	-0.911208447642552
1309	-0.87724142009335
1310	-0.82964940598953
1311	-0.81213747300102
1312	-0.812291404850083
1313	-0.830963728130854
1314	-1.62908921279795
1315	-1.04289237587474
1316	-1.58986531466236
1317	-1.43838084903327
1318	-1.65427844525146
1319	-2.06738787257686
1320	-1.75628426998838
1321	-1.98690481842872
1322	-2.51642007807977
1323	-2.2891166801552
1324	-2.30258716014687
1325	-2.41294836385994
1326	-2.46199422255847
1327	-2.5231604083481
1328	-2.48758834608899
1329	-2.54698184117992
1330	-2.36008485060863
1331	-1.56337484992911
1332	-1.65014083858382
1333	-0.911492469802246
1334	-1.70688258946679
1335	-1.75347371783406
1336	-1.72883798270475
1337	-1.73528947518907
1338	-1.72308318936446
1339	-1.7076184180597
1340	-1.71614627800434
1341	-1.70317270880631
1342	-1.58384764667242
1343	-0.828167327430167
1344	-0.871650460758049
1345	-0.856267971931037
1346	-0.721031028464813
1347	0.618399298508509
1348	0.775222871081746
1349	0.181464529471366
1350	0.843393540464496
1351	-0.0208896543404981
1352	0.00195989493256943
1353	0.0114620197757892
1354	0.0048664394757308
1355	-0.0166036465736342
1356	-0.0107423549828543
1357	-0.0645239038928518
1358	-0.0813553615182936
1359	-0.0350671176037249
1360	-0.88836372617432
1361	-1.62809967353646
1362	-0.13766243320054
1363	-0.051812410371864
1364	0.0037313298658434
1365	0.0109049404110447
1366	0.00695959904472254
1367	0.00504621312888965
1368	-0.0587362889665796
1369	-0.0223980646096318
1370	-0.0467226645474195
1371	-0.0297066305256994
1372	0.019633425719846
1373	0.0431821602128539
1374	0.052360704812458
1375	0.58544655273107
1376	0.339267295588397
1377	0.0346881781659069
1378	0.0638856789101591
1379	0.83118994205131
1380	0.845639424152347
1381	0.800899359663069
1382	0.734250946274647
1383	0.00844386616696816
1384	0.801782970067186
1385	-0.0328744718600122
1386	-0.0652985903378724
1387	0.0540960670120919
1388	-0.0176441531111939
1389	0.815295333383309
1390	0.819762037266271
1391	0.869626487053514
1392	0.729142014568933
1393	0.855818193696782
1394	0.888884928666664
1395	1.41578703534032
1396	1.49487515972961
1397	0.129158302219594
1398	-0.566750940554235
1399	0.950625150550411
1400	0.502842994243473
1401	0.0408018211913189
1402	0.0436896710567346
1403	0.0275041482870542
1404	-0.868358831979583
1405	0.0209949822025167
1406	-0.055302145172551
1407	-0.0457878472320355
1408	0.519404695300558
1409	0.597722275910868
1410	-0.427969174936188
1411	-0.864614568444664
1412	-0.93289272270088
1413	-0.930328820806645
1414	-0.907390380554009
1415	-0.892346506924155
1416	-0.940046477428008
1417	-0.958885744328892
1418	-1.78114233117895
1419	-1.79324968957068
1420	-1.74462347696219
1421	-2.17628756278055
1422	-2.3452141106884
1423	-1.91023535804319
1424	-2.35083921789461
1425	-1.89794160216141
1426	-1.89364771857235
1427	-3.27729296598203
1428	-1.93827235889636
1429	-1.9085987231468
1430	-1.20134274082035
1431	-1.19706976286104
1432	-1.10260839529266
1433	-1.32771406467354
1434	-1.8159404008626
1435	-1.8201410815957
1436	-1.79527800292947
1437	-1.77003356969121
1438	-1.77917378942932
1439	-1.76207140226144
1440	-1.77683640677086
1441	-1.08837422230093
1442	-0.567352440920785
1443	-0.137311619201536
1444	-0.296414572394071
1445	-0.225247399662968
1446	-0.268452304576451
1447	0.390588011972496
1448	0.629488493909742
1449	1.22164086540164
1450	1.53555761998738
1451	0.0276281346995618
1452	-0.0417112649695749
1453	0.545076662122366
1454	0.858538865490643
1455	0.858635349167035
1456	1.66896483002745
1457	1.67968953735846
1458	1.68816344332051
1459	1.734162038451
1460	1.71702961116469
1461	1.63244334355767
1462	1.68583407624177
1463	1.69246099960607
1464	1.73109618798125
1465	1.43551766317284
1466	1.71561992332256
1467	1.69424586068939
1468	1.75494034948402
1469	1.69809731607716
1470	1.73920015965178
1471	2.5652328696907
1472	2.62494549523245
1473	2.27132859551594
1474	2.61946593632752
1475	1.99349555105243
1476	2.63495425892276
1477	2.66262499745749
1478	2.69421591794647
1479	2.69516604018733
1480	3.46657470305226
1481	3.50961558836861
1482	3.50298678929265
1483	2.76192411846645
1484	3.58601675191619
1485	3.56786779291252
1486	3.42460670055345
1487	2.8267691836604
1488	2.77495347614716
1489	3.31737497572108
1490	3.39161416661866
1491	3.64380586754142
1492	4.28368641380857
1493	4.34971045080829
1494	4.38366869381021
1495	4.37114788994843
1496	4.17849165400933
1497	4.87893531161419
1498	4.43425513322306
1499	4.76407403340434
1500	3.67854299016232
1501	4.22990370434493
1502	4.35333767742856
1503	3.88427535991148
1504	3.79107073256129
1505	3.1497483007777
1506	3.89755506129737
1507	3.99403591926087
1508	3.79967473793892
1509	4.67712341069384
1510	2.49080847432736
1511	1.91892889838346
1512	1.88795174220004
1513	1.7693786695767
1514	1.92623755930459
1515	2.35902379495495
1516	3.52325848091447
1517	3.41205617439293
1518	3.4495371334675
1519	3.36791406848631
1520	3.25436584898211
1521	2.55699631410829
1522	1.85985575839907
1523	2.73120546630497
1524	4.47983889380121
1525	4.25442796450359
1526	3.45732790108012
1527	3.43548455304734
1528	3.02500689877302
1529	1.40942556265348
1530	2.14019966396044
1531	2.0601538203711
1532	1.61668001892795
1533	1.19939142994227
1534	1.45449430257588
1535	0.248512664719222
1536	0.31754817494363
1537	1.23155382247711
1538	1.36188161618505
1539	0.918074664927284
1540	0.187836875481155
1541	-0.443885854028278
1542	-0.590760410840032
1543	0.0552263813397129
1544	-0.25395824486788
1545	0.151377436917858
1546	0.906507447467743
1547	1.80505008195711
1548	1.82510198118577
1549	1.84639170332759
1550	1.50459991379881
1551	1.85797407492653
1552	0.682162342060243
1553	0.734472314845176
1554	0.576019094883392
1555	0.717489390360962
1556	2.61191133906297
1557	2.68339921321792
1558	2.75365532134176
1559	1.86943102278815
1560	2.3580137181165
1561	3.45630765677954
1562	1.86053837524166
1563	1.11816700563442
1564	1.08955000761684
1565	1.13259984650985
1566	2.37518832669342
1567	3.37268521693204
1568	2.80557192818026
1569	2.68920004972882
1570	1.9085027270721
1571	1.26483501512795
1572	1.82815372794862
1573	1.77839049706406
1574	1.78289017332573
1575	1.74961987867276
1576	1.79534133054949
1577	1.79515102269764
1578	1.78865182481643
1579	1.21440878477184
1580	1.73703031718298
1581	1.29092229775064
1582	0.977242357135169
1583	1.05836309011161
1584	2.56173585648949
1585	0.888483177949428
1586	0.494808244444407
1587	0.289313121706106
1588	1.74726540759591
1589	1.01499978352411
1590	1.07156133672372
1591	1.51250335452943
1592	0.919469282020444
1593	1.7210685772475
1594	0.251313469373657
1595	0.639130107582645
1596	0.631986721455242
1597	0.16630398426372
1598	-0.471698448997498
1599	-1.38643998985917
1600	-1.09145644969645
1601	0.105726771625516
1602	-0.657598619691393
1603	-0.47197794351749
1604	0.137213177083515
1605	1.66367055076649
1606	0.926491832071917
1607	1.17343428440444
1608	1.80931143539734
1609	2.21857852620346
1610	1.38840119643295
1611	1.01317664361897
1612	1.2843458396631
1613	1.32462335875763
1614	0.844421942908234
1615	0.224412297691614
1616	0.294602301977185
1617	0.536289737378795
1618	0.0681857870880391
1619	0.281333186516103
1620	1.84455181847366
1621	1.82482296524009
1622	1.05563155338247
1623	1.07619280361318
1624	1.84495093938913
1625	1.55181935989323
1626	1.83497551186782
1627	1.04037842769649
1628	1.8595568353738
1629	3.03550972480212
1630	2.56047146450378
1631	1.74641949312423
1632	1.64459612341042
1633	0.926400960356143
1634	0.909301009254315
1635	1.68955550527638
1636	1.7691503605458
1637	1.35162190811901
1638	1.10423634134464
1639	1.01697177849841
1640	0.970990410120395
1641	1.14805877194106
1642	0.983514710097539
1643	1.6429574753028
1644	1.77906144838188
1645	1.75680663046299
1646	1.7337895131461
1647	0.957340114738295
1648	0.340809537850295
1649	1.02097705010929
1650	1.72068504518238
1651	1.25270982633959
1652	1.00272123201348
1653	0.0956092227577521
1654	2.30753120384084
1655	2.20002013250385
1656	3.34788978691647
1657	3.41324393237651
1658	2.66238359659683
1659	1.79946302237758
1660	1.83252991809615
1661	1.48648827640039
1662	1.76058503268293
1663	1.82094094351614
1664	1.89563185102997
1665	1.84299731963197
1666	2.76183714274889
1667	2.49572191680173
1668	2.63421716228943
1669	2.66773712989263
1670	2.66436660385154
1671	2.65059854614549
1672	2.6365552331217
1673	2.63597381004411
1674	2.62402426960894
1675	2.63447940014524
1676	2.6458296672655
1677	2.65073281615695
1678	2.0112437075752
1679	1.79354697401804
1680	2.62956001098123
1681	2.60429095662167
1682	2.56811971427322
1683	2.61553249672872
1684	2.62745235594699
1685	2.64864287233249
1686	2.61451393215413
1687	2.6160995116408
1688	2.63140959951228
1689	2.59788449930218
1690	2.54858839702575
1691	1.81881065747667
1692	2.56912536053779
1693	2.57418782014128
1694	2.52742137631182
1695	1.88094706836874
1696	3.207891389972
1697	3.07220471096596
1698	2.10568727314321
1699	2.06037876242692
1700	2.57976481687026
1701	2.65673191474063
1702	2.30464915251877
1703	1.92612263859256
1704	1.89223915715981
1705	1.86466761227236
1706	1.85815102568695
1707	1.75330046942638
1708	1.07481768873822
1709	0.988189385663232
1710	0.982995449044118
1711	1.0105713894083
1712	1.85552755011033
1713	0.989195015250303
1714	1.67325205224174
1715	2.3186450359536
1716	2.84799898287661
1717	3.27221825578645
1718	3.71730893807263
1719	2.79440190905775
1720	2.43432858152944
1721	1.88301872072281
1722	1.88700112026225
1723	2.32572631771246
1724	2.58533115705206
1725	2.59770215195505
1726	2.52112206186448
1727	1.7081290501301
1728	2.32128842673218
1729	2.49413539713821
1730	2.53865038304123
1731	1.7776850056036
1732	1.75766677236887
1733	1.78612160158927
1734	1.776996497249
1735	1.75361446850716
1736	1.74863938024063
1737	1.18683750667578
1738	1.76944073925741
1739	1.14792427100765
1740	1.10367716729923
1741	1.74828105128697
1742	1.04355234551596
1743	1.03433405937749
1744	0.976011778813637
1745	1.02055562057255
1746	0.9757320249718
1747	0.987952349441614
1748	1.68718436526681
1749	0.942106476167007
1750	0.893534428093476
1751	1.09916993275815
1752	1.66427047622963
1753	1.07736062251649
1754	1.78129870824725
1755	0.951203973028189
1756	0.885386617672985
1757	0.932073483780544
1758	0.92315010743998
1759	1.00199347579378
1760	1.37684202408473
1761	1.09602391558263
1762	-0.500173021979467
1763	1.02450496829025
1764	1.02363030981394
1765	1.00393181070134
1766	0.188658105507128
1767	0.0796370467831296
1768	0.212836655243376
1769	1.5812872305078
1770	1.62594726397369
1771	1.2381603226384
1772	-1.07531494957846
1773	-0.951878707957242
1774	-0.288763456626709
1775	-0.0108286939372012
1776	-0.0293099221241243
1777	-0.098960187163513
1778	-0.127453134681181
1779	-0.320328732050667
1780	-0.0583929523452341
1781	-0.0947876856931592
1782	-0.861961744030577
1783	-1.68760182560536
1784	-1.80914691767904
1785	-2.59047804114899
1786	-1.79110778232611
1787	-1.79404465743405
1788	-1.76439556051074
1789	-1.78364912952889
1790	-1.76618026412932
1791	-1.78133316982669
1792	-1.83580538419324
1793	-1.74888484634713
1794	-1.69678807838461
1795	-1.67094447798645
1796	-2.17859174946898
1797	-1.62105465707336
1798	-0.906859146443215
1799	-0.86727020310099
1800	-0.876837863227507
1801	-0.991145156313082
1802	-0.939479718997282
1803	-0.883160111439529
1804	-0.862438910514519
1805	-0.278074272242564
1806	-0.196131172676583
1807	-0.309139724539194
1808	-0.0472272613651777
1809	-0.0544141645328012
1810	0.0415146849665519
1811	-0.122209414562703
1812	0.0212888472126506
1813	0.11374811900653
1814	0.052212625530144
1815	0.00773619101326999
1816	-0.0163445530603227
1817	0.597751521822077
1818	0.0638987681621938
1819	-0.0170652173814761
1820	0.711257174268501
1821	0.519751361584807
1822	-0.0829844337390471
1823	-0.0112502677279655
1824	0.0056937610192366
1825	0.0199291371476488
1826	0.0226759597411493
1827	0.0432380331023312
1828	0.0358401260998062
1829	-0.717838536483854
1830	-1.1677484245671
1831	-0.634878077431484
1832	-0.777338829167405
1833	-0.344401879517607
1834	-0.838425624320209
1835	0.165574043563106
1836	0.570018362509653
1837	-0.385600045961976
1838	0.942179380330158
1839	-0.551975947714749
1840	0.737661115546834
1841	-0.910827255265151
1842	-0.799589085767062
1843	-1.31074040979563
1844	-1.72233819406976
1845	-1.32754872511111
1846	-1.21631607516546
1847	-1.54659284388213
1848	-1.55563351594533
1849	-0.793847169162519
1850	-1.73393533520543
1851	-1.96651272024517
1852	-1.51756272853333
1853	-1.58368597855535
1854	-2.35691336299945
1855	-2.44898603050299
1856	-2.63294503595568
1857	-1.10978052431488
1858	-0.837508959256076
1859	0.696195431546423
1860	0.195566660426087
1861	0.743241929416296
1862	0.087483619387017
1863	-0.100044054605381
1864	-0.815310883240211
1865	-0.0580246763647715
1866	-0.660654977180857
1867	-0.02090378428605
1868	-0.734266123451797
1869	-0.817675397453148
1870	-0.153143664012541
1871	0.577443932866523
1872	-0.137699956370192
1873	-0.116525445125586
1874	-0.670431598337203
1875	0.298372191389745
1876	0.0106583205947527
1877	-0.817281098950503
1878	-0.702167402648444
1879	0.778474962256002
1880	0.843326093485102
1881	1.17100832897849
1882	1.21436704571412
1883	1.83165853762882
1884	1.71418853651261
1885	2.49904461395799
1886	1.73559931031645
1887	1.37491369429416
1888	1.03653006218558
1889	0.0873192993480008
1890	0.0571794461296276
1891	0.820776081256089
1892	0.468046393966622
1893	1.64109438747425
1894	0.886944596715503
1895	0.859585313958527
1896	0.877676523508651
1897	0.456014070119677
1898	0.18011230687192
1899	0.020002645050328
1900	0.00928122908156451
1901	-0.0239997467367886
1902	-0.0254321208182024
1903	-0.000298611991078071
1904	0.469855705761341
1905	0.287936280652314
1906	-0.081050932363075
1907	-0.847127452357643
1908	-0.865296223011929
1909	-1.44518439873992
1910	-1.05535970119268
1911	-1.72126247225167
1912	-1.74690612402061
1913	-1.73430131970662
1914	-1.72198936292351
1915	-1.15333574206748
1916	-1.17117645575664
1917	-0.993371801408501
1918	-1.46815278258703
1919	-1.09604263747732
1920	-1.43035149724801
1921	-1.21712343088462
1922	-1.64670422459439
1923	-1.44426621079928
1924	-0.910865168936917
1925	0.00950132156515933
1926	0.632939509470128
1927	-0.17142590755492
1928	-0.193106106387016
1929	-0.630157816320949
1930	-1.03310066385751
1931	-0.166076900549216
1932	-1.00236869497954
1933	-0.906736937144703
1934	-1.33627139563902
1935	-1.79928867377808
1936	-2.6257411545198
1937	-1.00794067087591
1938	-1.2978724678328
1939	-2.67681294299449
1940	-2.76327116270526
1941	-1.90079610632106
1942	-2.95469206110612
1943	-1.98762839530999
1944	-1.81164666145651
1945	-1.80836923855166
1946	-1.84414279958806
1947	-1.8447415158922
1948	-1.85440079792462
1949	-1.80463820841282
1950	-1.80702596378965
1951	-1.74011080033693
1952	-1.7584156068035
1953	-1.81927622222238
1954	-1.81106129725619
1955	-1.80358250449293
1956	-0.922761701069573
1957	-0.9553440124822
1958	-0.98190710773793
1959	-0.952686084049802
1960	-1.01722619234862
1961	-1.81941549727527
1962	-1.83223122567843
1963	-1.81109375463348
1964	-1.03925115267425
1965	-0.440293629265785
1966	-1.18543282369227
1967	-1.01704250840657
1968	-1.44667383106136
1969	-1.11992316146649
1970	-0.720716905202824
1971	-0.22834141243641
1972	-0.830257506746602
1973	-0.811781115130777
1974	-0.630399256298746
1975	-0.820131934058155
1976	-0.765407069767816
1977	-0.0191173579570781
1978	0.884084714420066
1979	1.49064051019323
1980	0.900766570414905
1981	0.909223649482933
1982	1.12550103149999
1983	0.986769598341904
1984	1.40905557357916
1985	0.904814300685352
1986	0.190394816112565
1987	0.489746279234464
1988	1.72953244398042
1989	1.31546041521811
1990	0.910077346805781
1991	0.918960370868079
1992	0.818870532066583
1993	0.864243349456854
1994	0.850075848475257
1995	0.185962973702093
1996	0.0909929370556296
1997	0.5366580394198
1998	0.804667246130895
1999	0.0429633630737564
2000	0.870760094461499
2001	0.843296449897458
2002	1.42784068714503
2003	-0.462429878737942
2004	-0.744889978005284
2005	0.00554449843995611
2006	-0.0534719747840877
2007	-0.0616218342361656
2008	-0.099459414480274
2009	-0.00783007622530849
2010	0.0131180779736329
2011	0.0205938654667356
2012	0.0195348753773595
2013	0.051799533561132
2014	0.0384905589803799
2015	0.0227913782396342
2016	0.0586254197810196
2017	0.0190941923458036
2018	1.61648391839002
2019	1.57619525073347
2020	1.66129936198117
2021	0.769829901172388
2022	-0.0765132583228597
2023	1.35422680259823
2024	1.42297974449599
2025	1.2979393604432
2026	-0.780127027338384
2027	-0.539000270566413
2028	-0.60676365424792
2029	-0.994684484615105
2030	-0.160337277776544
2031	-0.109275507110163
2032	-0.117942526194703
2033	-0.0846946204322998
2034	0.0838762545358911
2035	-0.019275452316983
2036	-0.00478361351764869
2037	0.0456070486755784
2038	0.197416113979387
2039	0.0666089362925968
2040	0.0898807972735906
2041	0.284790298623712
2042	0.00449663504294166
2043	0.703256537265806
2044	0.220504837461511
2045	0.0320074925238732
2046	0.338392706136695
2047	0.783984914593397
2048	-0.0651458802199867
2049	0.863453596754057
2050	1.03876590340693
2051	2.38876017478423
2052	0.201118769005332
2053	0.123546452600733
2054	0.976227288822289
2055	0.171659462697473
2056	0.659528558575658
2057	1.77862633296022
2058	1.11092536266705
2059	1.76879854957441
2060	1.69648217231416
2061	0.901122528296723
2062	0.900877199825577
2063	0.889724005308791
2064	0.884077193330104
2065	0.884928283126883
2066	0.821865604299654
2067	0.788689414113179
2068	0.0176297784838799
2069	-0.0484479621014799
2070	-0.0436982160323685
2071	-0.557197087010799
2072	-0.0818473865584657
2073	-0.076659173341772
2074	-0.100349303247156
2075	-0.347562676677161
2076	-0.111799179502582
2077	-0.056757076312701
2078	-0.0388607964542184
2079	-0.763029351817763
2080	-0.642662755913436
2081	-0.0253807872700746
2082	-1.50231344002023
2083	-0.86069372336748
2084	-1.05267445562636
2085	-1.67418372153974
2086	-1.6536626690402
2087	-1.66353295704073
2088	-1.67551473641978
2089	-1.71990166903131
2090	-1.70246584424379
2091	-1.70078907493767
2092	-1.85598188601446
2093	-1.70620419462263
2094	-1.68093624308624
2095	-1.68030158470204
2096	-1.67460162537511
2097	-1.69459446785813
2098	-1.71607486521944
2099	-1.7137993456131
2100	-1.68608171674631
2101	-1.702759345486
2102	-1.71804058574421
2103	-1.71011064249047
2104	-0.0477717421206931
2105	-0.810074901650621
2106	-0.125748873435869
2107	-0.145892451439888
2108	-0.844673779127549
2109	-0.83537687215358
2110	-0.855270170970917
2111	-1.4073533053334
2112	-0.889587199988736
2113	-1.17170241646189
2114	-1.53965630190955
2115	-0.896449717953952
2116	-1.07724655888962
2117	-2.27704543737184
2118	-1.63688575672631
2119	-1.71567965484333
2120	-0.873068349244718
2121	-1.07098766009034
2122	-1.73180858490207
2123	-2.00610700649195
2124	-1.73789950040142
2125	-0.426868667638855
2126	-0.720233995733062
2127	-0.412137686535416
2128	-0.167883236378436
2129	-0.197490457969319
2130	-0.814105925625952
2131	-0.613275992689101
2132	-1.4867998497131
2133	-0.744417852554524
2134	-0.813845590596907
2135	-0.0196772068889121
2136	-0.551067120927449
2137	0.0355925550461244
2138	0.109252625827392
2139	-0.624491267858538
2140	-1.43076683477259
2141	-2.28510887692703
2142	-0.453714191201985
2143	-2.47380760971658
2144	-2.72853734714127
2145	-2.53031425192396
2146	-3.14394369937606
2147	-2.63568933253394
2148	-2.35461255276063
2149	-1.59370253158296
2150	-1.52563852603557
2151	-1.48042547797059
2152	-0.805005717525738
2153	-0.84378667384231
2154	-1.6304371147563
2155	-0.91045821419901
2156	-0.913380724746802
2157	-2.10655811889319
2158	-2.70810654852418
2159	-0.957248340308871
2160	-1.6640959835592
2161	-1.68987103320519
2162	-1.76318530051715
2163	-2.45532068087083
2164	-2.21896339960286
2165	-1.16870878520955
2166	-1.23949996794918
2167	-0.542214240497113
2168	-0.808621652228376
2169	-0.0356028221921037
2170	0.0197357593885212
2171	0.146633677970426
2172	0.00101119844166274
2173	-0.452616341398714
2174	-0.143407781005961
2175	-0.899870532688498
2176	-0.944178827741614
2177	-0.885562386755432
2178	-0.878687568247099
2179	-0.878244691766756
2180	-0.0518663227227003
2181	-0.755397535580334
2182	-0.428122694100736
2183	-1.2560194215949
2184	-0.119224225997849
2185	0.853542340344677
2186	-0.217532946638081
2187	-1.01151099984042
2188	-2.57004681201029
2189	-1.30575707487004
2190	-1.8067319217395
2191	-2.3274468636257
2192	-2.68508646260771
2193	-2.62145293790803
2194	-2.64349892281139
2195	-2.70057423332998
2196	-3.28528763193248
2197	-2.01459062248555
2198	-2.05004546390131
2199	-1.61234753534615
2200	-2.02165802695579
2201	-2.63844780520956
2202	-2.5873394123635
2203	-1.76068083641222
2204	-1.73789562930072
2205	-1.68145551327083
2206	-1.75121181494198
2207	-1.77281915103063
2208	-1.84234186333806
2209	-3.45472200665783
2210	-2.65536475131282
2211	-2.63512380897913
2212	-2.60562885803612
2213	-2.59224964080131
2214	-2.57978559874999
2215	-2.63432207501302
2216	-2.55768714828653
2217	-2.64717701253476
2218	-1.95249348284816
2219	-3.26245624660442
2220	-2.69398253987521
2221	-3.36685513938883
2222	-2.19254568811719
2223	-2.70359750894792
2224	-1.95389673127483
2225	-2.76072866617428
2226	-2.08896166458743
2227	-2.21059941740326
2228	-1.62255789360807
2229	-1.45966679911963
2230	-1.97190959221406
2231	-2.63350187175997
2232	-1.89365121446298
2233	-2.0414583377273
2234	-1.92100025945597
2235	-2.63272310192588
2236	-1.90615741391716
2237	-2.56505480488579
2238	-2.43977951488707
2239	-1.86558042207381
2240	-1.95360306265938
2241	-3.1465573504364
2242	-2.67449258198864
2243	-2.62376835250217
2244	-2.28094660376362
2245	-2.53786806493682
2246	-1.7834335815203
2247	-2.46694996951378
2248	-2.59191512837303
2249	-2.64546508973776
2250	-1.75415842454823
2251	-1.89146614370922
2252	-1.90339630324837
2253	-1.88590389288487
2254	-1.79883959951278
2255	-2.59862954380972
2256	-2.46698568226189
2257	-2.37415871011489
2258	-1.23214795609055
2259	-1.9201385037573
2260	-2.6166083401351
2261	-2.61328335730008
2262	-2.6563054303128
2263	-2.66674419079654
2264	-2.66648241187436
2265	-2.58451538598111
2266	-2.63324414403691
2267	-2.03456920455721
2268	-2.58608782449924
2269	-2.26581094166849
2270	-2.05644620678378
2271	-2.56192035207096
2272	-1.83782477109202
2273	-2.55528684067251
2274	-2.54793748134115
2275	-2.53131118899342
2276	-1.78601518927587
2277	-0.939921432810463
2278	-1.08879861607296
2279	-1.59638142928788
2280	-1.28462414735247
2281	-1.15891713819784
2282	-0.922210461817653
2283	-0.97052249756349
2284	-0.946265033214805
2285	-1.31001875766119
2286	-1.72895204140572
2287	-1.74930239888895
2288	-1.77890567346584
2289	-2.58055907599257
2290	-2.57099883645227
2291	-2.50921903469068
2292	-2.46058023441606
2293	-2.32749961568621
2294	-0.926784847457706
2295	-0.861346690666651
2296	-0.889690932919756
2297	-0.103124892421949
2298	-1.13618012007761
2299	-1.34878686759638
2300	-1.65059666740318
2301	-1.45323696565271
2302	-0.669052812582696
2303	-1.5316410110469
2304	-1.08836390113863
2305	-1.60125367061074
2306	-1.93116036649935
2307	-0.847644601231848
2308	-0.602833424329133
2309	-1.40081147493898
2310	-0.784640657460757
2311	-2.28679290532745
2312	-1.498669202297
2313	-0.706026423706444
2314	-0.929164972825238
2315	0.127577728144444
2316	0.157845433283351
2317	0.171335385071209
2318	0.12116947514976
2319	0.950606714693032
2320	1.78380735007623
2321	1.80069719922747
2322	1.55284312527441
2323	1.77066756055095
2324	1.75746310762771
2325	1.69809081739868
2326	0.969847187510811
2327	1.36987917146471
2328	0.796550863761052
2329	0.801337611332756
2330	-0.818701506327639
2331	-0.627319752612811
2332	-0.494926833067317
2333	-1.16916290661649
2334	-0.852074541432094
2335	-0.880743363149772
2336	-1.58486122453901
2337	-0.860617733124775
2338	-0.903708344067181
2339	-1.77548810216297
2340	-1.77151461141203
2341	-1.77312384084725
2342	-1.75078782002913
2343	-1.73991113218222
2344	-1.74389481733579
2345	-1.72570543664583
2346	-1.73540921293475
2347	-1.71982083562744
2348	-1.70805844795582
2349	-1.6532686870651
2350	-1.6173601635641
2351	-0.731962386533987
2352	-0.908582802471337
2353	-1.50105015644988
2354	-0.851249979756005
2355	-0.715599395336434
2356	-0.795438996734656
2357	-1.1893072800041
2358	-0.575451499994612
2359	-0.857022511855727
2360	-0.890603053974874
2361	-0.99211556194686
2362	-1.64737456336057
2363	-1.7528245518461
2364	-1.77769999507191
2365	-1.73840443876384
2366	-1.73214733559056
2367	-1.73764273404139
2368	-1.69513000498895
2369	-1.77182158463658
2370	-1.75518698691728
2371	-1.78608832224263
2372	-1.7624678220942
2373	-1.75942665996237
2374	-1.73726403325633
2375	-1.7836031070542
2376	-0.956333911149591
2377	-0.321129451229072
2378	-0.991398424645925
2379	-0.912096005040972
2380	-1.69843778811897
2381	-1.74315464817351
2382	-1.7344665448645
2383	-0.861836617210283
2384	-0.881027870819929
2385	-1.73951706247272
2386	-1.67534422224614
2387	-0.115845208379313
2388	-0.0396060989063662
2389	-1.2461440174968
2390	-1.576213586495
2391	-2.26893318436677
2392	-1.34839502886103
2393	-0.92462909322534
2394	-1.74692324260117
2395	-1.7530879608144
2396	-1.7461623176276
2397	-1.23484427652749
2398	-1.22180625258408
2399	-0.728342198859868
2400	-0.0782002792787063
2401	-0.863686670636572
2402	-0.680994914348074
2403	-0.599812845876433
2404	-0.703873928865767
2405	0.86461176645926
2406	0.0852924791781252
2407	0.114348793336958
2408	1.06628504572603
2409	0.841212950579023
2410	0.409955845561329
2411	0.543687018780886
2412	-0.129728806220847
2413	-0.486751604954597
2414	-0.817940989058062
2415	0.026029468505202
2416	1.30422185610423
2417	0.675808540184815
2418	0.672912961694247
2419	0.436056598126703
2420	0.348512918485206
2421	0.636361738786867
2422	1.44797070046019
2423	-0.0216072466417973
2424	-0.0343054056152674
2425	-0.830320435216158
2426	-0.00621252064537657
2427	-1.55773786703618
2428	-1.7159591982501
2429	-1.58353608351242
2430	-1.5043397744377
2431	-1.86328147923422
2432	-2.56587557123444
2433	-1.80993986340927
2434	-1.83985319671697
2435	-2.55096429378878
2436	-1.75010737355693
2437	-1.79378203151918
2438	-2.3216401700764
2439	-2.39958236499277
2440	-2.43615584683519
2441	-1.7739577809912
2442	-1.77575445775262
2443	-1.74276448426984
2444	-1.69339129309445
2445	-0.927453794070788
2446	-0.920353799324703
2447	-0.941431720358419
2448	-0.932280608630408
2449	-0.864925284023391
2450	-0.159553420937975
2451	-0.928014421935297
2452	-1.03560325729928
2453	-0.952972833161385
2454	-1.04194958961318
2455	-0.990738702453375
2456	-0.649164478493676
2457	-0.272098422808812
2458	-0.226231271335753
2459	-0.159146426516914
2460	-0.888871622216476
2461	-1.04534952138334
2462	-0.997582198232699
2463	-1.12582198956906
2464	-0.917441872814152
2465	-0.944371202000289
2466	-0.931420252112592
2467	-0.975178239259945
2468	-1.59655789729924
2469	-1.57771513145261
2470	-0.920553041683797
2471	-0.225650139225146
2472	-0.871952660580992
2473	-0.901083107070069
2474	-0.829250151804202
2475	-1.62126240259524
2476	-1.30169520996262
2477	-1.60915596353138
2478	-0.0433390112377691
2479	-0.800538658727141
2480	-0.763302374950629
2481	-0.0571310287302231
2482	-0.786377071586248
2483	-0.794540271787129
2484	-0.17608748468549
2485	-0.749394676046041
2486	-0.022037500163229
2487	-0.0191755311476016
2488	-0.0057629831908998
2489	-0.463807710637715
2490	-0.0272070748054894
2491	-0.0016100983919625
2492	-0.892161295811401
2493	-0.210366008566503
2494	-0.63333270281397
2495	-1.50218493339999
2496	-2.47240054985711
2497	-2.40422152311881
2498	-1.70184381178241
2499	-1.67327965953816
2500	-0.738313095431549
2501	-1.70037417272388
2502	-1.71020793138125
2503	-1.05323314827495
2504	-1.02649526551283
2505	-1.00467068802518
2506	-0.98557398688782
2507	-0.893844342887314
2508	-0.9468540404545
2509	-1.01846195070419
2510	-1.84562801157861
2511	-0.646817911783536
2512	0.130860884537669
2513	-0.589930200459974
2514	-0.840373658134003
2515	-2.48690813892726
2516	-2.59647676946642
2517	-3.5034362786332
2518	-4.36335027087435
2519	-4.3112339817945
2520	-4.09515658169237
2521	-3.41196044407599
2522	-3.40643000626304
2523	-2.61115056953743
2524	-3.3257437495886
2525	-2.26671906213826
2526	-2.52140660842486
2527	-2.44055716360149
2528	-1.72329225875398
2529	-0.91580818530901
2530	-0.863525251096894
2531	-0.879093400681148
2532	-1.58075740511964
2533	-1.64787793124742
2534	-1.67660684249455
2535	-2.57028731106848
2536	-1.74812282061849
2537	-0.226524998632464
2538	-1.13282902316751
2539	-2.18468505635994
2540	-1.79019862230225
2541	-1.61077608268366
2542	-1.62683708966412
2543	0.0614585693615474
2544	0.059578780583335
2545	0.510294877552397
2546	1.41704646787431
2547	1.26816343332671
2548	1.61496204281969
2549	0.741187176059546
2550	0.917812308658131
2551	0.400535060927114
2552	0.0683560075940865
2553	0.387136946782104
2554	1.52408230633654
2555	1.02862447504477
2556	0.742236432046037
2557	0.818759241482029
2558	0.801543688289622
2559	0.792262504194061
2560	0.809459154989221
2561	0.814679019634378
2562	0.850340265548935
2563	0.885623415910281
2564	0.894641618308919
2565	0.924694369776441
2566	1.0986431458639
2567	0.877993078917996
2568	0.879503645541929
2569	0.876287766142724
2570	0.866752181303465
2571	0.888450879409737
2572	0.805844640538441
2573	1.27407184242051
2574	0.833949578170642
2575	0.849603429348421
2576	0.819657035827234
2577	0.811892093554004
2578	0.781411920769068
2579	0.76987038681108
2580	0.824061241296082
2581	0.830460298873234
2582	0.530638164723798
2583	-0.0363657959056898
2584	-0.0294494254260678
2585	-0.0927693791731021
2586	-0.0832862291207483
2587	-0.13487070027987
2588	-0.924260428099765
2589	-0.153926657504989
2590	-0.918981986282758
2591	-0.951289876366609
2592	-0.469443490773776
2593	-0.974739792201185
2594	-0.237147525332068
2595	-0.219853377443793
2596	-0.171024874538462
2597	-0.291364889605375
2598	-0.503699416381103
2599	-1.00062709600676
2600	-1.00336582696452
2601	-0.928101102216544
2602	-0.916821084703916
2603	-0.880612682090045
2604	-0.87252612914082
2605	-0.10339670885812
2606	-0.955627120064621
2607	-0.951335841779103
2608	-1.97004078011137
2609	-1.27624391103329
2610	-1.01236876356295
2611	-1.10830017333476
2612	-1.81663004607224
2613	-2.09999774209916
2614	-2.63301921512971
2615	-2.6584313179756
2616	-2.66498502531492
2617	-2.70964483094852
2618	-2.66343181364211
2619	-3.00788268341481
2620	-2.65194500563911
2621	-2.64907471738865
2622	-1.80832702514713
2623	-1.87587345215553
2624	-2.52309116673973
2625	-1.73272468278656
2626	-1.71844829746825
2627	-1.74029555094392
2628	-1.70838707667712
2629	-1.73774786437115
2630	-1.75503279544761
2631	-1.72110145917926
2632	-1.77016238768299
2633	-1.692900313837
2634	-1.74138640424263
2635	-1.76214127055107
2636	-1.00941570008102
2637	-1.77572224864606
2638	-0.962907807409177
2639	-0.978438480092493
2640	-1.04328401223652
2641	-1.81181899495446
2642	-1.85846184961831
2643	-1.91915364375572
2644	-1.85129375119019
2645	-1.06244592298471
2646	-0.784713030175728
2647	-1.00775335843353
2648	-1.10955754802405
2649	-2.72919057780186
2650	-2.01849969087884
2651	-1.85699317742448
2652	-2.02798152013574
2653	-2.73751585535405
2654	-2.54150990784625
2655	-2.26517480213268
2656	-2.27959236987284
2657	-2.89557510508489
2658	-2.83576704584301
2659	-2.75972082959448
2660	-2.54216175524752
2661	-1.25373920561333
2662	-0.953986632472434
2663	-1.22355194363581
2664	-2.12565848690506
2665	-1.22825330667332
2666	-0.707092264793298
2667	1.33856638199999
2668	0.819281043794169
2669	-0.588801152643793
2670	-0.687062170063228
2671	-0.723335632437303
2672	-0.693251974585318
2673	-0.86431605054206
2674	-0.843012829408429
2675	0.631032147139732
2676	0.12088428219615
2677	0.703980004906309
2678	-0.00893946395264765
2679	-0.0621688380977747
2680	-0.00917544730716446
2681	0.52359928725512
2682	0.311280932261181
2683	0.726407639285909
2684	0.0591823269058284
2685	-0.135168967249403
2686	0.382278860992679
2687	0.520498745956389
2688	0.872273783544038
2689	1.48576200354426
2690	0.799756509313038
2691	0.0484014742837543
2692	0.755313893689287
2693	0.74151009206285
2694	0.750067363491923
2695	0.790764528166381
2696	0.789536494877885
2697	0.800950529581505
2698	0.0876340952428439
2699	0.212438135780045
2700	0.827036334836912
2701	1.41687578637782
2702	0.85285505636259
2703	1.51599728110696
2704	0.869204400569299
2705	0.851431259388898
2706	1.42194879125935
2707	0.852018444936328
2708	-0.0260579772610563
2709	-0.00264439628980686
2710	-0.0606808745485998
2711	-0.614159812301004
2712	-1.44835687469681
2713	-1.49205004194631
2714	-1.21679766390192
2715	-0.722440004574378
2716	-0.741986202042973
2717	-0.787792152244593
2718	-0.830907686749713
2719	-0.818764950677783
2720	-0.808918719589632
2721	-0.372335672577648
2722	-0.789136609589918
2723	-0.883506856519627
2724	-0.900062615672142
2725	-0.900657286387203
2726	-0.885981564693445
2727	-0.139821642537634
2728	-0.88212698634597
2729	-0.075246014760453
2730	-0.0221594621114795
2731	0.641782845459547
2732	0.0189156923292047
2733	-0.00840383162051891
2734	0.712714041391104
2735	0.32677393194848
2736	-0.013217036336208
2737	0.0417500273619484
2738	0.0199904058755361
2739	-0.616932411366765
2740	-0.111219772476669
2741	-0.419741374618072
2742	-0.338551745445203
2743	-0.871564100900894
2744	-0.113123992380351
2745	-0.851518485913206
2746	-0.861749700291284
2747	-0.568292926703028
2748	-0.704496255360944
2749	-0.955226383702377
2750	-1.43055617649121
2751	-0.925041541922564
2752	-0.965193754325726
2753	-0.963915753631227
2754	-1.01078602013626
2755	-0.766498661654328
2756	-0.355545498847201
2757	-0.220652324076758
2758	-0.68607076961968
2759	-0.99619988256704
2760	-0.0594192013311104
2761	-0.285801280923981
2762	-0.836441917601712
2763	-0.848795887309886
2764	-0.840510146174487
2765	-0.936478300006003
2766	-0.932694052095983
2767	-0.937648813076408
2768	-0.956663355693373
2769	-1.00086531238331
2770	-0.378860689886149
2771	-0.919374134014423
2772	-0.155588861971031
2773	-0.20174583132773
2774	0.259251140502786
2775	-0.18535895828203
2776	-0.521717589732202
2777	-0.221451578468158
2778	0.675266873411362
2779	0.679672515363176
2780	0.700787830057261
2781	0.693779788640541
2782	0.733708430626351
2783	0.731568001381929
2784	0.725592653552154
2785	-0.0558297281631986
2786	-0.0102797906096248
2787	0.123058419550554
2788	0.607847195425942
2789	-0.806156228262944
2790	-0.567676256437962
2791	-0.130609734335697
2792	-0.0764145749606057
2793	-0.121947133607179
2794	-0.846070108980341
2795	-0.867843535879722
2796	-0.866194181082974
2797	-0.900363036035495
2798	-0.890095473768712
2799	-0.880613245272889
2800	-0.848427895821985
2801	-0.0188197107809653
2802	-0.402125862050697
2803	-0.494269905344575
2804	-0.0698742425511232
2805	-0.0478551165417311
2806	-0.0583089860107624
2807	-0.101724625366862
2808	-0.00934422783855338
2809	-0.774402660413953
2810	-0.853886086742295
2811	-1.62051370273894
2812	-1.6726836831915
2813	-1.65986600811032
2814	-1.66360798191543
2815	-0.919792620008972
2816	-1.68729844091897
2817	-1.6959246092353
2818	-1.65086040391702
2819	-1.69277784302471
2820	-1.68748625608953
2821	-1.6489726725572
2822	-1.70897838111757
2823	-0.935291372718519
2824	-0.912936463357908
2825	-0.92097951517838
2826	-1.73507514176976
2827	-1.64665646059445
2828	-1.00641331945303
2829	-1.84705475578889
2830	-1.73666729414254
2831	-1.74743216043476
2832	-1.74774175494664
2833	-1.34304535776152
2834	-1.73227890015661
2835	-1.769826616903
2836	-1.80212678884366
2837	-1.81788578381716
2838	-1.81997019005573
2839	-1.78301031130729
2840	-1.73852561629685
2841	-1.76376654198155
2842	-0.17564043037891
2843	-0.155257237482625
2844	-0.853143271151465
2845	-0.908190063960686
2846	-0.885240995661332
2847	-0.824796855475808
2848	-0.0214453560674715
2849	-0.521120013987154
2850	0.806389817379198
2851	0.821056083197318
2852	0.803275331080052
2853	0.83983996173537
2854	0.839004442484321
2855	0.0484936624186441
2856	-0.0172571940644652
2857	-0.0957491687766839
2858	-0.86366355084525
2859	-0.891757582307106
2860	-0.911689086279271
2861	-0.916780806304001
2862	-0.928583741741169
2863	-0.928817859626876
2864	-0.927357763259779
2865	-0.92867551960203
2866	-0.917455938843172
2867	-0.919723976179057
2868	-0.9050880102297
2869	-0.922535706533233
2870	-1.03872903691964
2871	-1.51540321601481
2872	-1.55618129153148
2873	-0.952348195424583
2874	-0.956462984418935
2875	-0.941107750264514
2876	-0.924607527290441
2877	-0.0923056000481993
2878	0.688536255262802
2879	0.765228736049621
2880	0.75434943699991
2881	0.762628200347196
2882	0.796652411897935
2883	0.671439981800773
2884	0.813871126495168
2885	0.809187367808748
2886	0.810917448746509
2887	0.813310037914441
2888	0.804658732588257
2889	0.779386276894268
2890	0.790278910300544
2891	0.778867813486875
2892	0.824196914272261
2893	0.796286964690573
2894	0.794285641706465
2895	0.472012969244225
2896	-0.524411880553779
2897	0.655724514429611
2898	0.00404218647187648
2899	0.796857443476792
2900	0.0104958441140426
2901	0.0418752562449922
2902	0.0653626175432429
2903	0.0650407455839108
2904	0.0455376480701512
2905	0.682233648857304
2906	0.0486207767390743
2907	-0.010222480452316
2908	0.000316114407883705
2909	-0.0188435971979448
2910	0.0126164047662083
2911	-0.00505669214871321
2912	-0.01082700771964
2913	0.0046909486110792
2914	0.0645959579612089
2915	0.085439713772944
2916	0.0416541089388846
2917	0.00509112274926111
2918	0.0104402782698885
2919	-0.000977374924973462
2920	-0.785120645187942
2921	0.0293867119595248
2922	0.043194059685192
2923	0.111833911561388
2924	0.890044435142602
2925	0.719479274271212
2926	0.119540661799485
2927	-0.610306201126906
2928	-0.566055433572921
2929	0.310918062632059
2930	0.922333002445479
2931	0.934150110504651
2932	1.64093195629902
2933	0.882879320874226
2934	0.891616180271857
2935	0.911730740370949
2936	1.76090998886176
2937	2.51402107167494
2938	1.74739129962437
2939	2.58172340315196
2940	1.89715887995558
2941	3.38580712434932
2942	3.41093861683265
2943	3.42400584311609
2944	3.45015404531222
2945	2.81496978680606
2946	2.71223845449866
2947	2.70130205947217
2948	2.27158092238432
2949	2.87690948693418
2950	1.96259159181034
2951	3.30798225487988
2952	2.64975192930705
2953	2.64526689924981
2954	1.93941300086607
2955	0.298067475865513
2956	1.85141802629848
2957	0.938504500966381
2958	0.276058087917418
2959	0.056882946962782
2960	0.111082129869691
2961	-0.0163669260109802
2962	-0.585152163011594
2963	-0.44870958100022
2964	-1.21352795274041
2965	-1.63202807839575
2966	-1.58686756924747
2967	-1.60494940798071
2968	-2.35584697197514
2969	-0.970171809238223
2970	-0.0454585065897688
2971	-0.293482175821897
2972	0.595595068665282
2973	0.243445211180918
2974	1.47865207241872
2975	1.3672772926439
2976	0.724951650208057
2977	0.768748984793932
2978	0.577543599858786
2979	-0.125237503762561
2980	-0.209834190749181
2981	-0.881558630901938
2982	0.61352090945811
2983	0.674966024067975
2984	0.556206516008928
2985	-0.0809380254473208
2986	-0.0430462401461713
2987	-0.0625130940668859
2988	-0.0773881536456422
2989	-0.0656772436810029
2990	-0.0839231107863435
2991	-0.105095411171219
2992	-0.00690352020154652
2993	-0.0435907684110533
2994	-0.0213613394272763
2995	-0.00282339320494575
2996	-0.0128963002362671
2997	0.720669040649125
2998	-0.0151357809316953
2999	-0.0233526318985331
3000	-0.118299814570971
3001	0.00742665885112084
