0.03	0.002963584308511	0	1.53841548052955E-07
0.04	0.005358029148936	0	4.00813656150524E-07
0.05	0.008320361968085	0	8.30375935576678E-07
0.06	0.011764211808511	0	1.5437906086373E-06
0.07	0.015602503297872	0	2.57058068490396E-06
0.08	0.019749386808511	0	4.0062720111029E-06
0.09	0.024122034574468	0	6.00804981123007E-06
0.1	0.028642218085107	0	8.47906795279276E-06
0.11	0.033237330851064	0	1.14723658040714E-05
0.12	0.037841904255319	0	1.53218970608966E-05
0.13	0.042397384042553	0	2.03265051621054E-05
0.14	0.046853330851064	0	2.53127650228219E-05
0.15	0.051167042553191	0	3.17046137968688E-05
0.16	0.0553032	0	3.85985406854084E-05
0.17	0.059234076595745	0	4.80600278274473E-05
0.18	0.062938857446809	0	5.99888640672831E-05
0.19	0.066402534042553	0	7.01123325198695E-05
0.2	0.069615989361702	0	8.29311757700525E-05
0.21	0.072575486170213	0	9.79652022509956E-05
0.22	0.075280875531915	0	0.000115192307755
0.23	0.077735693617021	0	0.00013198472833
0.24	0.079947063829787	0	0.000149003553592
0.25	0.081924281914895	0	0.000169251610855
0.26	0.083678095744682	0	0.000191765084297
0.27	0.085678095744682	0	0.000112931293912
0.28	0.086678095744682	0	0.000132919319293
0.29	0.087678095744682	0	0.000139123913993
0.30	0.088678095744682	0	0.000129133919199
0.31	0.089678095744682	0	0.000132123131312
0.32	0.090678095744682	0	0.000132919319291
0.33	0.091678095744682	0	0.000139213919292
0.34	0.092678095744682	0	0.000139129319231
0.35	0.093678095744682	0	0.000112931931932
0.36	0.094678095744682	0	0.000112939239922
0.37	0.095678095744682	0	0.000132929192319
0.38	0.096678095744682	0	0.000112931931939
0.39	0.097678095744682	0	0.000132919329192
0.40	0.098678095744682	0	0.000112939319239
0.41	0.099678095744682	0	0.000119231931293
0.42	0.10278095744682	0	0.000149219319393
0.43	0.10378095744682	0	0.000121931931939
0.44	0.104678095744682	0	0.000121929319393
0.45	0.105678095744682	0	0.000112391939393
0.46	0.106678095744682	0	0.000149213919293
0.47	0.107678095744682	0	0.000112393919219
0.48	0.108678095744682	0	0.000139329421931
0.49	0.109678095744682	0	0.000149239294324
0.50	0.109678095744682	0	0.000129429492942
0.51	0.109678095744682	0	0.000153494329191
0.52	0.109678095744682	0	0.000119239139932
0.53	0.109678095744682	0	0.000129342943299
0.54	0.109678095744682	0	0.000112391391931
0.55	0.109678095744682	0	0.000179435929119
0.56	0.110678095744682	0	0.000192313959234
0.57	0.110678095744682	0	0.000131293193193
0.58	0.110678095744682	0	0.000139129393139
0.59	0.111678095744682	0	0.000119239193191
0.60	0.111678095744682	0	0.000143942193199
0.61	0.110649473670213	0	8.75596196425434E-05
0.62	0.110308025531915	0	8.74068494887428E-05
0.63	0.110000111170213	0	9.67601140401354E-05
0.64	0.109727489361703	0	0.000100655229972
0.65	0.109492206117021	0	0.000100035006254
0.66	0.109294016489362	0	0.000108195716534
0.67	0.109134999202127	0	0.000112682232922
0.68	0.109014724468085	0	0.000117088225893
0.69	0.108933731648937	0	0.000125260322011
0.7	0.108892353723404	0	0.00012589108195
0.71	0.108890245212766	0	0.000129676493889
0.72	0.108927038297873	0	0.000131862857276
0.73	0.109002532180851	0	0.000143442872875
0.74	0.109116896808511	0	0.000148876040108
0.75	0.109268537234042	0	0.000156546911582
0.76	0.10945770638298	0	0.00015744380117
0.77	0.109682998138298	0	0.000161571628491
0.78	0.109944090957447	0	0.000164624249784
0.790000000000001	0.110240171808511	0	0.000178787745934
0.8	0.110570468085107	0	0.000180940580305
0.810000000000001	0.11093408856383	0	0.00018970440872
0.82	0.111329960638298	0	0.000194575207152
0.83	0.111757425	0	0.00020483435161
0.84	0.112215845744681	0	0.000211054537536
0.850000000000001	0.112704031914893	0	0.000210756362785
0.860000000000001	0.113221127127659	0	0.000222488383518
0.87	0.113766244148937	0	0.000224387859409
0.88	0.114338844680851	0	0.000236012236991
0.890000000000001	0.114937748138298	0	0.000246140121496
0.900000000000001	0.115562441489362	0	0.000251893929666
0.910000000000001	0.116211695212767	0	0.000253869272496
0.92	0.116885119148936	0	0.000259816828921
0.930000000000001	0.11758212606383	0	0.000276041716317
0.940000000000001	0.1183007	0	0.000281182316832
0.950000000000001	0.119041720744681	0	0.000292563412524
0.960000000000001	0.119803557446809	0	0.0002882540528
0.970000000000001	0.120586065957447	0	0.000300261482648
0.980000000000001	0.121388090957446	0	0.000309929628156
0.990000000000001	0.122209128191491	0	0.000327469067467
1	0.123048590425532	0	0.000325639183017
1.01	0.123905967287234	0	0.000335493090091
1.02	0.124780072340426	0	0.000358937052635
1.03	0.125672080585107	0	0.000355661719611
1.04	0.12657914680851	0	0.00036661753857
1.05	0.127502114361703	0	0.000378813057947
1.06	0.128440397340425	0	0.000392811022326
1.07	0.129393421010638	0	0.00038314581006
1.08	0.130359963829787	0	0.000406807155642
1.09	0.131340854521277	0	0.000420477395741
1.1	0.132334534574468	0	0.000440471577787
1.11	0.133341436436169	0	0.000430157179026
1.12	0.134361038297872	0	0.000442111570905
1.13	0.135392452659574	0	0.000467138419954
1.14	0.136435654787235	0	0.000464820256589
1.15	0.137490299202128	0	0.000485012461081
1.16	0.138555675531914	0	0.000471537491586
1.17	0.139632156382979	0	0.000500642060991
1.18	0.140718828723405	0	0.000518670705084
1.19	0.141815654787234	0	0.000533844365397
1.2	0.142922361702129	0	0.000529572076617
1.21	0.144038528723403	0	0.000532271470912
1.22	0.145164457978724	0	0.000558998739774
1.23	0.146298359042552	0	0.000562234377405
1.24	0.147442496808513	0	0.000584831993592
1.25	0.148593816489362	0	0.000607311889641
1.26	0.149754552127661	0	0.000609772949862
1.27	0.150922611702128	0	0.000607642096726
1.28	0.152099302127661	0	0.000652166678672
1.29	0.153283323670212	0	0.000642513623073
1.3	0.154475058510639	0	0.000670716918714
1.31	0.15567378031915	0	0.000674832573442
1.32	0.156880174468086	0	0.000694211946097
1.33	0.158093598138299	0	0.000711173253038
1.34	0.159313384042552	0	0.000706818323042
1.35	0.160540132978723	0	0.000737370705059
1.36	0.161773989361703	0	0.000744084907591
1.37	0.163013530851062	0	0.000766625850216
1.38	0.164259564893617	0	0.000770564939074
1.39	0.165512549468083	0	0.000787047020155
1.4	0.166770867021275	0	0.000778078003092
1.41	0.168035025000002	0	0.000807275186593
1.42	0.169305655851063	0	0.000839932966487
1.43	0.170581961702127	0	0.000844377164212
1.44	0.171863080851062	0	0.000865667849748
1.45	0.173150554521277	0	0.000891708823546
1.46	0.17444274148936	0	0.000866180153625
1.47	0.175740923936171	0	0.000898868742452
1.48	0.177043779787236	0	0.000951517330319
1.49	0.178352484840425	0	0.000937149478011
1.5	0.179666010638296	0	0.000954113305457
1.51	0.180984905319149	0	0.000985583583674
1.52	0.182308112765956	0	0.000989446306607
1.53	0.183636215425531	0	0.00102035952538
1.54	0.184969850531915	0	0.001009023543399
1.55	0.186307650265957	0	0.001034853845242
1.56	0.187650242553191	0	0.001097395099317
1.57	0.188997435106385	0	0.001109567434002
1.58	0.190349449468082	0	0.001109113267151
1.59	0.191705411968088	0	0.001109610834804
1.6	0.19306634042553	0	0.001163456711844
1.61	0.194431906914893	0	0.001153170508783
1.62	0.195800912234043	0	0.001204058384916
1.63	0.197174684042554	0	0.001189734779254
1.64	0.198552837234043	0	0.001221675577796
1.65	0.19993567819149	0	0.001237575081566
1.66	0.20132206276596	0	0.00124795957521
1.67	0.202712683510638	0	0.001247832045137
1.68	0.204107668085106	0	0.001322795981875
1.69	0.20550588776596	0	0.00132473665208
1.7	0.206908853723406	0	0.001360448375005
1.71	0.20831579281915	0	0.001351481520651
1.72	0.20972650744681	0	0.001396030843731
1.73	0.211140794680851	0	0.001432866405665
1.74	0.21255914042553	0	0.001456839350363
1.75	0.213981901595745	0	0.001414270240455
1.76	0.2154077106383	0	0.001490229053731
1.77	0.216838133776595	0	0.001502715808723
1.78	0.218272168617025	0	0.001518049425064
1.79	0.219709360638295	0	0.001580295695206
1.8	0.221150537234045	0	0.00156559526531
1.81	0.222595003457448	0	0.001592185187752
1.82	0.224043210106384	0	0.001644405280151
1.83	0.225494887499999	0	0.001684224234795
1.84	0.226950934042553	0	0.001662488825891
1.85	0.228409905585108	0	0.001707083354019
1.86	0.229872947872338	0	0.001778369976491
1.87	0.231338993085108	0	0.001725936242021
1.88	0.232808650000001	0	0.001785792060099
1.89	0.234282238563828	0	0.001763102640879
1.9	0.235758973404255	0	0.001871367770681
1.91	0.237238661702127	0	0.001850587026859
1.92	0.238722076595745	0	0.001903003417187
1.93	0.240209185904257	0	0.001956336189093
1.94	0.241700059574468	0	0.001951114236866
1.95	0.243193575797872	0	0.001959678933917
1.96	0.244690518085103	0	0.001978756413885
1.97	0.246190638031912	0	0.001962901651093
1.98	0.247693681914894	0	0.002030995376928
1.99	0.249200925531916	0	0.00209296720144
2	0.250710638297871	0	0.002066034062395
2.01	0.252224315425532	0	0.002151010327593
2.02	0.25374127925532	0	0.00221754443454
2.03	0.255261648138299	0	0.002215570640019
2.04	0.256783643617022	0	0.002212767243004
2.05	0.258309541223402	0	0.002227883866964
2.06	0.259839086170215	0	0.002302845334548
2.07	0.261371798138294	0	0.00229643293493
2.08	0.262589528706334	0	0.002401226796413
2.09	0.264117562812891	0	0.002359445193439
2.1	0.265648380617816	0	0.002415626125002
2.11	0.267182208549037	0	0.002458935988947
2.12	0.268719338167025	0	0.00252616651599
2.13	0.270258812861247	0	0.002550076051978
2.14	0.271801031118445	0	0.00244987960316
2.15	0.273346281203778	0	0.002524805839015
2.16	0.274894453646604	0	0.002570321801297
2.17	0.27644503376238	0	0.002659048717331
2.18	0.277998951095117	0	0.002687927696271
2.19	0.279555514892194	0	0.002743639305606
2.2	0.281114841989986	0	0.002706766295458
2.21	0.282676996324952	0	0.002826178843769
2.22	0.284241268127773	0	0.002854864634875
2.23	0.285808130145635	0	0.0028715430314
2.24	0.287379431380136	0	0.002857783611849
2.25	0.28895225925162	0	0.002844218854309
2.26	0.290527022306291	0	0.002900075648829
2.27	0.292106073651724	0	0.002981846465304
2.28	0.29403477433155	0	0.003122057337251
2.29	0.295630366577541	0	0.003033808037321
2.29999999999999	0.297227770053475	0	0.003104936163985
2.30999999999999	0.298828888235296	0	0.003080095566826
2.31999999999999	0.30043218395722	0	0.003142214027958
2.32999999999999	0.302039021390373	0	0.003211316667565
2.33999999999999	0.303648410695187	0	0.003156164059465
2.34999999999999	0.305260790106949	0	0.003244010237103
2.35999999999999	0.306876226737968	0	0.003345119053474
2.36999999999999	0.308494788770049	0	0.003450131636393
2.37999999999999	0.310115654545452	0	0.003462163080979
2.38999999999999	0.31173869144385	0	0.003447581351881
2.39999999999999	0.313365368983958	0	0.003485916500802
2.40999999999999	0.314994603743312	0	0.003587613648337
2.41999999999999	0.316627041176471	0	0.003629869098905
2.42999999999999	0.318262687700537	0	0.003633422453891
2.43999999999999	0.319900244919784	0	0.003677131030474
2.44999999999999	0.321541275401069	0	0.003663037966739
2.45999999999999	0.323185328342245	0	0.003734531816711
2.46999999999999	0.32483062459893	0	0.003766372228348
2.47999999999999	0.326481058823528	0	0.003819658396512
2.48999999999999	0.328131933689841	0	0.003754849688618
2.49999999999999	0.329787433155079	0	0.003902462933259
2.50999999999999	0.331445701336895	0	0.003915806113679
2.51999999999999	0.333105728342248	0	0.003820982149587
2.52999999999999	0.33476885588235	0	0.003970827118302
2.53999999999999	0.336434545454542	0	0.003960178031661
2.54999999999999	0.338102863636363	0	0.004067035040142
2.55999999999999	0.339774151871659	0	0.004188203136078
2.56999999999999	0.341447932352941	0	0.00421154014272
2.57999999999999	0.343124823529414	0	0.004319857841504
2.58999999999999	0.344804691711228	0	0.004189985871842
2.59999999999999	0.346486914438502	0	0.004316916821025
2.60999999999999	0.348171557486632	0	0.004339938341455
2.61999999999999	0.349859598395716	0	0.004457005882916
2.62999999999999	0.351548794919783	0	0.004487926900305
2.63999999999999	0.353241811764703	0	0.004503739863941
2.64999999999999	0.354936819518713	0	0.0045479716535
2.65999999999999	0.356634592513366	0	0.004598254076109
2.66999999999999	0.358335559893052	0	0.004674566935395
2.67999999999999	0.360038652406419	0	0.004619434717859
2.68999999999999	0.361745158288766	0	0.004588443657653
2.69999999999999	0.363452558823529	0	0.004725140073689
2.70999999999999	0.365163297593582	0	0.005017846511582
2.71999999999999	0.366876581818178	0	0.004803439750791
2.72999999999999	0.368592993850264	0	0.004940373620527
2.73999999999999	0.370311586096255	0	0.004906124902275
2.74999999999999	0.372032867647059	0	0.005025469086686
2.75999999999999	0.373755952941177	0	0.005086810633839
2.76999999999998	0.375482165508014	0	0.005041027498423
2.77999999999998	0.377209428877	0	0.005230808398047
2.78999999999998	0.378941007754003	0	0.005203202777421
2.79999999999998	0.380674449197856	0	0.005175973781093
2.80999999999998	0.382410420588233	0	0.005408403483395
2.81999999999998	0.384148844919791	0	0.005440068795831
2.82999999999998	0.385889719786094	0	0.005410306376668
2.83999999999998	0.387633042780751	0	0.005410728280829
2.84999999999998	0.389379268716573	0	0.005576797649755
2.85999999999998	0.391127635294117	0	0.005593964689758
2.86999999999998	0.392877216042775	0	0.00568302315392
2.87999999999998	0.394629689839565	0	0.005670022664658
2.88999999999998	0.396384672727266	0	0.005682044266126
2.89999999999998	0.398143326203207	0	0.005767596454234
2.90999999999998	0.399902704010691	0	0.005853284660287
2.91999999999998	0.401665674866306	0	0.005937172585806
2.92999999999998	0.403429663101608	0	0.005941781368314
2.93999999999998	0.405196617112301	0	0.006073371721961
2.94999999999998	0.406965987967912	0	0.006101889046751
2.95999999999998	0.408737694117643	0	0.006273004991312
2.96999999999998	0.410511176470586	0	0.006031405466585
2.97999999999998	0.412288258823528	0	0.006190155528041
2.98999999999998	0.414066312566851	0	0.006309106676566
2.99999999999998	0.415846122994654	0	0.00621518183105
3.00999999999998	0.417628968983951	0	0.006569969021637
3.01999999999998	0.419413643315498	0	0.006599848275177
3.02999999999998	0.421201434224589	0	0.006626432242234
3.03999999999998	0.422991289839563	0	0.006547944063915
3.04999999999998	0.424782552139039	0	0.006692174502633
3.05999999999998	0.4265757	0	0.006754375974471
3.06999999999998	0.428373188770047	0	0.006851840889681
3.07999999999998	0.430171164705882	0	0.006748880715771
3.08999999999998	0.431972168181815	0	0.006793793334357
3.09999999999998	0.433774296791444	0	0.006853415905333
3.10999999999998	0.435578866577537	0	0.007014590525651
3.11999999999998	0.437386042780749	0	0.007126715116339
3.12999999999998	0.439195072192513	0	0.007190649157823
3.13999999999998	0.441006199465235	0	0.007190213560238
3.14999999999998	0.442819419786093	0	0.007359796351522
3.15999999999998	0.44463540427807	0	0.007357895688617
3.16999999999998	0.446453645989304	0	0.007237392373192
3.17999999999998	0.448272866310158	0	0.007453897958565
3.18999999999998	0.450094926470583	0	0.007484977475954
3.19999999999998	0.451921112299456	0	0.007504274780475
3.20999999999998	0.453746631818181	0	0.007734235715982
3.21999999999998	0.455575070588235	0	0.00778807629245
3.22999999999997	0.457406518181821	0	0.008018559990734
3.23999999999997	0.459238812834228	0	0.007875364213654
3.24999999999997	0.461073850267378	0	0.008035099763354
3.25999999999997	0.462912242245981	0	0.008139382574582
3.26999999999997	0.464751810160426	0	0.00805689820825
3.27999999999997	0.466593242780739	0	0.008003363059417
3.28999999999997	0.468436533689837	0	0.008092606862672
3.29999999999997	0.470283970588227	0	0.007943357772087
3.30999999999997	0.472131939304813	0	0.008458997449618
3.31999999999997	0.473982196791439	0	0.008319690238318
3.32999999999997	0.475834562566834	0	0.008523475601369
3.33999999999997	0.477690282887692	0	0.008605216388471
3.34999999999997	0.479547752673789	0	0.008868299705129
3.35999999999997	0.481406964705873	0	0.00838411706149
3.36999999999997	0.483268812834223	0	0.008603910306906
3.37999999999997	0.485133930481276	0	0.008795506077611
3.38999999999997	0.487000148663097	0	0.008919015591793
3.39999999999997	0.488866909090907	0	0.00891867862424
3.40999999999997	0.490738752941168	0	0.009174416658183
3.41999999999997	0.492611953475926	0	0.009053416400978
3.42999999999997	0.494486225133684	0	0.009350667927036
3.43999999999997	0.496364774331548	0	0.008986604188674
3.44999999999997	0.498244848930475	0	0.009530976841176
3.45999999999997	0.500127087700531	0	0.009355175312295
3.46999999999997	0.502011765775398	0	0.009585423704813
3.47999999999997	0.503898975401076	0	0.009365844713779
3.48999999999997	0.505788809893044	0	0.009620095009571
3.49999999999997	0.507679304812832	0	0.009666968565041
3.50999999999997	0.50957447967914	0	0.009840699141399
3.51999999999997	0.511470211764697	0	0.009813948494207
3.52999999999997	0.513369221390372	0	0.00980895341358
3.53999999999997	0.515270473796789	0	0.010300419349091
3.54999999999997	0.517174346256689	0	0.010239726647312
3.55999999999997	0.519079982887697	0	0.009800261749236
3.56999999999997	0.52098766363636	0	0.01036415565067
3.57999999999997	0.522898341711222	0	0.010238050244516
3.58999999999997	0.524810005347588	0	0.010277535405393
3.59999999999997	0.526727262032082	0	0.010579700472709
3.60999999999997	0.528644635561493	0	0.010723079915155
3.61999999999997	0.53056481604278	0	0.010468824687374
3.62999999999997	0.53248780588235	0	0.01091390288604
3.63999999999997	0.534411174331532	0	0.010671609515063
3.64999999999997	0.536339197860952	0	0.010922469364732
3.65999999999997	0.538268175401073	0	0.011013672255734
3.66999999999997	0.540198682887694	0	0.011226170191112
3.67999999999997	0.542132778609625	0	0.010763520281089
3.68999999999997	0.544068695454534	0	0.010995526911963
3.69999999999996	0.546007120320847	0	0.011346226639032
3.70999999999996	0.547946466042773	0	0.011333838641976
3.71999999999996	0.549890201069514	0	0.011332652305383
3.72999999999996	0.551835348663095	0	0.011633189938414
3.73999999999996	0.553781899999993	0	0.011846757547521
3.74999999999996	0.555731149732612	0	0.011852375665546
3.75999999999996	0.557682596791444	0	0.011470157424974
3.76999999999996	0.559636137967915	0	0.01207958627955
3.77999999999996	0.561590961497339	0	0.012014101579788
3.78999999999996	0.563549489839562	0	0.011516563506487
3.79999999999996	0.565508176470585	0	0.011828279105805
3.80999999999996	0.567470466577535	0	0.012395704656052
3.81999999999996	0.569434428342236	0	0.012234351651799
3.82999999999996	0.571400874598926	0	0.012538580718894
3.83999999999996	0.573367854545461	0	0.012320033981143
3.84999999999996	0.575337720588237	0	0.01270912422049
3.85999999999996	0.577309237433141	0	0.012850685895866
3.86999999999996	0.579284157754007	0	0.012805011334141
3.87999999999996	0.581260310160411	0	0.012750289669328
3.88999999999996	0.583238621122999	0	0.012854376057092
3.89999999999996	0.585218462566847	0	0.012831445479304
3.90999999999996	0.58720139545454	0	0.013083135971336
3.91999999999996	0.589184909090911	0	0.013296340451783
3.92999999999996	0.591171090641709	0	0.013480615123169
3.93999999999996	0.5931604684492	0	0.01327811098275
3.94999999999996	0.595149562834216	0	0.013755633596769
3.95999999999996	0.597140894117636	0	0.013406223369479
3.96999999999996	0.599136371390359	0	0.013725497503276
3.97999999999996	0.601131644385015	0	0.013993167917454
3.98999999999996	0.603130640374333	0	0.013438824136375
3.99999999999996	0.605130374331538	0	0.013396198166591
4.00999999999996	0.60713297780749	0	0.014207410524179
4.01999999999996	0.609137164171124	0	0.013796147247833
4.02999999999996	0.611141741711228	0	0.014552336997773
4.03999999999996	0.613150367914425	0	0.013971648054139
4.04999999999996	0.615160022727261	0	0.014720496282652
4.05999999999996	0.617172432620318	0	0.014513282745207
4.06999999999996	0.61918400882352	0	0.014545915830467
4.07999999999996	0.621200290909082	0	0.014903325906472
4.08999999999996	0.623216155882341	0	0.014734154520985
4.09999999999996	0.625236625668435	0	0.014856535467549
4.10999999999996	0.627257100802133	0	0.015160046908306
4.11999999999996	0.629280427807474	0	0.015392807834734
4.12999999999996	0.631305726470581	0	0.015129866362884
4.13999999999996	0.633331665240629	0	0.015326301817694
4.14999999999996	0.635359784759351	0	0.015576207195769
4.15999999999996	0.637391529411765	0	0.015058813425961
4.16999999999996	0.639422002139023	0	0.015773429968545
4.17999999999996	0.641457882352926	0	0.015961254393997
4.18999999999996	0.643494374331538	0	0.01565018784037
4.19999999999996	0.645531802139028	0	0.015782003809968
4.20999999999995	0.647571281016031	0	0.016200191274215
4.21999999999995	0.64961213155079	0	0.01567466271968
4.22999999999995	0.651656947860953	0	0.01646328715192
4.23999999999995	0.653703587165769	0	0.016385173528547
4.24999999999995	0.65574943181818	0	0.01635006542406
4.25999999999995	0.657799129411755	0	0.016376626278632
4.26999999999995	0.659851891176463	0	0.016795522885577
4.27999999999995	0.661904517647058	0	0.016886899636618
4.28999999999995	0.66396146470588	0	0.016793492628558
4.29999999999995	0.666015847593586	0	0.017089369647479
4.30999999999995	0.668076735828868	0	0.017216291931648
4.31999999999995	0.670137112299463	0	0.017226055782752
4.32999999999995	0.672200314438486	0	0.016990697525055
4.33999999999995	0.674265068983951	0	0.017445878017537
4.34999999999995	0.676332417112287	0	0.017491242706304
4.35999999999995	0.67840142780747	0	0.017112018638289
4.36999999999995	0.680471395187169	0	0.017152390710912
4.37999999999995	0.682543363636355	0	0.017417887651151
4.38999999999995	0.684617800267374	0	0.018168626105218
4.39999999999995	0.68669505882352	0	0.017946301300396
4.40999999999995	0.688772312566829	0	0.017637310623152
4.41999999999995	0.690853209090905	0	0.018318160743808
4.42999999999995	0.692935625133687	0	0.018301732737087
4.43999999999995	0.695018249197861	0	0.018512414719993
4.44999999999995	0.697105588235289	0	0.018398575511356
4.45999999999995	0.699192530481273	0	0.018800525407066
4.46999999999995	0.701282762566844	0	0.019415236342547
4.47999999999995	0.703372697326197	0	0.018952902590707
4.48999999999995	0.705464838235288	0	0.018877382465006
4.49999999999995	0.707562192513352	0	0.019264988260238
4.50999999999995	0.709656820588236	0	0.019016818004387
