1.87923979649794
2.89941214495741
2.21234947228489
4.72254515394483
3.10579271770423
4.04589549234381
2.4321544551926
0.494349710197306
1.06437969223807
1.47130323727985
1.48212978392656
2.16490107586083
1.81229341886871
2.15848784270486
0.800934853111944
4.40445586534441
1.75739036589824
3.23098336518802
5.36318655726954
3.39999066336377
5.61246788859141
6.22453474695234
7.02811111174124
4.29336471137974
3.98966414325952
3.88815943585356
4.14054301697456
4.56298165553336
5.19244048114294
2.9561518757163
3.62625686420588
4.52551718161624
4.26351812877029
3.66793125700428
4.29186945895966
4.39536756959737
2.72369035189624
4.22120348123009
3.59484541538056
5.25672546019377
5.53204859156583
4.67705741149943
3.90328979653295
4.14159650051554
5.021071959829
6.69254747684253
5.13299236740161
4.8860099421197
4.23769705357267
5.1950314229073
2.84576921875034
2.93383174614444
2.68841934725561
1.35889078707957
-0.761759628348928
1.87795698562297
0.092153113213414
0.0564736720014674
-0.561115323801064
-0.213814188849294
0.138383700998588
-1.08853182858988
0.709571633185923
3.04813744855528
1.77466823933747
1.3653702976985
0.364304383651643
-0.0368242324230633
-0.152087188977565
0.974080093514047
1.35507690024354
0.533020388537099
-1.14584180509169
-1.22121131319118
0.897295506676868
-0.703609220332134
-3.31167463386854
-0.565182192181909
-0.162003006120997
0.897081835948994
-1.57504506763948
-0.557479487415114
-0.442191229062095
-1.30754730052708
2.0264764725034
2.22525802117702
1.46642111682707
2.40533328452263
2.29080946378764
0.924962737121671
2.41724769410249
2.50026671884785
3.6989638602726
3.47031355023627
2.40440606158747
2.51960229092294
3.12445477582813
0.892474427255652
1.31185432699806
1.08941542128063
0.242279382959449
2.4732989569297
-0.664441699447012
-1.11553513177553
-1.1705539199729
-2.44370722308663
-1.5977714686653
-2.70125266993995
-1.61092233074043
-0.670723712467286
-1.94898712457731
-4.48525208917031
-0.96685140608246
-1.40285526119099
-2.30514993859512
-5.2788593098721
-4.1600426766798
-5.18927807818931
-1.4608165375405
-3.51956264434315
-2.98966834658303
-0.460089606563309
-0.893353033752913
-1.42665596875566
-0.774256300589604
-1.48690733063264
-1.45491725279033
0.200049491427292
2.41223572177581
1.28175591039965
1.53053069296658
0.499421314162294
0.641020835970318
0.548628280722274
2.17670468566309
2.2743639254474
3.32733975479207
2.73990935813892
4.05670889466639
3.05218930408661
2.9316708618199
4.12638045329522
5.26800418881468
4.29137904972651
4.97334021750974
2.12453971957433
3.12009948245669
0.0850753729306213
1.5550533325134
1.87889974736965
1.90948789256083
2.79799099091495
-0.18085500571623
-0.0886292632760761
1.84298075883001
4.3157936082695
4.28389446741537
4.24795069552227
3.01216385164466
2.22067912362778
0.438658050483109
1.44522617728971
0.520802272230661
0.418371541264001
0.557944571129136
-0.522213433860448
0.500362743199087
-1.03205598674933
0.138192662796221
1.83768807420289
1.0950669282326
0.462678192455434
0.905000365921586
0.0768780821230592
-1.52074719184071
-1.46556562504619
0.833871127354293
1.49557572931881
1.21866423837718
1.69323506501304
1.98260775371939
0.730276324321463
-0.792611387004307
-1.21115448430471
0.237455956442655
0.135433840061155
1.19536898347976
0.465052766317439
2.04123079854297
-0.523817145003472
0.477721707178693
0.516482828021215
-1.97295927050208
-3.59462729563651
-4.5556706278801
-3.30666459411503
-2.08502896968907
-3.1258984477163
-2.63300817874639
-1.98959698503925
-1.54842733187834
1.07766115855625
-2.19360595134837
-2.14195955203516
-3.25226583767362
-2.62678340662812
-0.863988146916879
0.68105566223103
1.9632252744614
0.745875910502737
-0.227286268827574
-0.275093531052706
-1.50994593038281
1.28880915072083
0.958679353284695
1.14158808479214
0.51438877792453
-0.26571947987336
0.0306389945505646
1.41890825963228
-1.46336565519363
-0.617588592298254
0.0904926441450379
-0.658616041978232
-2.9591494059339
-4.28205759509989
-4.21785615805044
-3.89037491393157
-3.5826584629198
-1.38419503974894
-2.50052895138329
-2.47336647979653
-2.21244107649184
-3.29381263960656
-2.61080509702944
-2.34412144659212
-1.3758790330787
-2.58858854534904
-1.46215729607581
-1.08844147231414
-1.74227343530296
-2.95480029921185
-3.59103643148585
-4.94836292401464
-4.69509998762486
-4.03561142797146
-3.69705410472887
-4.04052718781339
-5.45847193771458
-3.22943537256043
-2.70187067860754
-2.57457668006489
-2.1317926850515
-4.32424719940932
-3.54113523536933
-4.97671732078373
-5.48691705447428
-2.39962930312384
-1.70802341897677
-2.53026530468849
-2.20336886125812
-1.99192851676684
-3.17571682752757
-3.06921953257196
-3.52147058570125
-1.23073468272864
-5.02385325556343
-3.90575853734394
-2.92644594990517
-1.81158926758235
-3.58980162988989
-0.736514440380705
0.135258599258377
-0.338979343718169
-0.868967269316077
-1.10568193698195
0.752125618090871
-0.301074670379246
-0.54173195485969
-0.15985529382019
0.546544021514171
1.60344021636941
-0.397395099541146
0.309703328783334
0.91013986370026
-1.46450521732058
0.46793502625936
1.84875277502711
0.214118230101225
1.38483913771503
0.861272955741151
1.70410023864186
1.89832461441475
2.24051560508395
2.02719547117133
3.16134669610532
1.67237598764931
1.65674171421536
0.52150882335581
1.07993890417029
0.43562874477696
-0.229640727157561
0.240527976317719
3.41137134094427
1.58722211846279
-0.965825478451297
-2.14497914364005
1.46503553105171
0.800445881411588
1.39258263400031
2.05494405038979
1.51606669730583
1.05394706948645
1.48641656932439
1.39730836585685
1.65533057605073
0.354287148065837
-0.233837837730461
2.16932037065691
2.35920246112903
1.68111657113445
0.650071156011076
1.37224843117091
-0.247496175342544
0.78756752693679
0.988946230285396
0.528780711445812
1.18740013556658
1.1216216161061
1.55145371418394
1.15876690267015
1.30754347680612
-0.519173669463604
-2.40437762880063
-2.47714848065174
-3.08155126021541
-3.14551076190679
-0.819823964128516
-1.11555303729914
-0.390177182661545
1.62733488258015
0.0531016373663705
-2.91660918786032
-2.01519805951193
-3.36654228128998
-1.3980355340099
-2.5109680682468
-0.341997935627602
0.731479227418958
1.32605405091734
1.00719429767359
-0.881670564698412
0.275605875915633
0.431914108408904
-0.909423239052443
0.392450464679474
-0.2778554913636
-0.692755003035935
0.386034965612561
-0.850700754898803
-2.25295760061862
1.03988868215116
-0.226857955991047
2.14374198095143
3.00814352025327
2.37519536055858
2.23374364220349
2.66816515559588
3.84674242688061
4.30442399264025
4.50821772481698
4.03906425297148
3.00038762371158
3.49132382575565
3.30221520049742
2.27816710364836
2.21565748711541
2.5174352816226
4.03812750666548
1.43165609899119
-0.161600152325555
-1.26537505212844
-0.800490525348631
1.3841832626856
1.79079301835412
0.9824948756444
-0.148757713316296
-1.21306062549357
-0.851388295593335
1.16474621914923
1.10724936534506
1.73401510671778
1.9835211387073
3.55422305675599
3.60793708382519
2.15769622034647
3.28168885485335
3.9218956501007
3.78300380697885
4.3070684161253
3.04606591589125
1.41925209442766
1.8873353157484
1.45658717232076
0.00435654607593766
-0.833095790319207
1.51791081069494
1.14241557634882
-0.478144659278401
-0.595370306417409
2.28530551173907
2.64775959418185
1.08032394073311
0.867515561780965
-0.210309603331567
-0.794839137958667
-0.798023409212812
-1.12588390390112
-0.88729340128782
-2.13529551967619
-0.409539251431396
0.753669204813623
-0.457711711839568
-2.91023123381367
-2.87994629366396
-3.72643068415046
-4.71738036618787
-2.12957423865083
-2.34878361859002
-2.32535949438609
-1.6812708801374
-0.480618340030592
-1.38400978101316
-1.77658386540195
-2.77231357151845
-0.390086515694849
-0.538552581968445
0.36985855196073
-0.198301807186922
1.26992810027513
1.98350968328274
0.736788897678885
1.42557135569004
0.573646561993865
1.94265942652363
0.485735332592107
2.12723781155152
0.374733034718833
0.382098468799139
1.6128006480896
0.612661251718597
-0.15030386599696
0.424174801845796
1.43149064899257
1.60712995692365
-0.411483320041409
3.33224116847712
3.94772002024998
3.85011703445801
5.08225168452291
0.8951353063298
0.966368737761177
0.831471232001239
2.46350436708325
2.23272020926847
2.46375636979925
0.156671453532522
-1.28073902824391
1.00421803220776
-1.84081571349487
-0.698001724229692
0.234627915170663
0.513421178204264
-1.84658345919009
-1.37328562615121
0.437253261826371
2.35065707163182
2.34529661142335
0.533607047338769
0.995130261365574
1.94240341959998
2.15434485294871
-0.231688919196651
1.64676092365985
2.55157049139913
4.08952014099071
2.58151352660563
3.7147262795954
-0.547221779559748
1.24646042700805
1.90216287389237
1.92424467740676
3.70310811850236
6.63632982449418
3.62344253975965
3.10236956527208
2.21573734674374
2.23478074803879
2.1110275967963
3.95270636198861
3.6389564799676
3.28290006523023
4.28739829018172
4.71582154709967
3.85661106434945
4.11234538937953
3.71591296065009
5.49440350750772
4.78587242616556
5.64253026457336
2.92008729331212
2.41913043528291
2.47332592849561
2.23588615838237
2.42728342384219
3.14586276720159
2.22791869955505
3.19417947767511
3.22458622427265
0.854195320378209
0.369616519028818
-1.41362142004739
-1.34798450453776
2.16591615349654
1.38038118704923
1.68516540079663
0.342918671272835
0.574329511620008
0.735684245800801
1.00371545145571
-2.41298746315366
2.40746791041128
1.55607404202706
1.5566421656412
2.54840157583719
0.430701836938137
1.87211604814146
1.82887551897264
0.0244338313428065
1.58584976234436
1.33080922566261
-0.557634876510175
0.278116263521954
-0.555443110866414
1.41520792522713
1.78824074574241
1.16729313794041
-1.32119308133679
-1.96979328185793
-1.82190338642076
1.70680096695117
-0.523333690476189
-1.58513887381758
-2.39317027687196
0.447177154488967
1.1568902781441
0.0953188262844653
-0.027447955194618
-0.73604364915675
-0.647543749141698
0.614718680258097
-0.259363876124699
-1.38497378600678
-0.812025599446323
-0.560483962933251
-1.74046120094256
-2.96112559252614
-4.04875446336226
-3.23535916048487
-3.39178720614399
-2.70176407189352
-2.59475539166234
-4.20589525654439
-3.64216150916291
-2.63616377064475
-0.658128517966288
-3.10584140190398
-1.88208754670495
-1.73918267930774
-1.55252252456159
-1.72891233007585
-0.528234780049252
-1.41276087220803
-2.42104685278075
-2.41257477331967
-2.14023510333488
-1.37928974004707
-1.92163337725258
-4.24939328371996
-3.78928285300484
-3.00103740661842
-1.98728388185417
-0.678075729724137
-1.36272548269342
1.08755630671143
0.866371747912298
0.213947067841052
0.610232832796437
1.39251880802594
0.421582567596757
1.77043121221586
0.322283829353088
0.771439917165726
3.29732709010797
0.167998471039748
-0.857046652343866
-1.22217444990263
-1.22103158741128
1.85802430026658
2.16085945326494
0.549580161906468
1.31013598263775
1.89604314615689
2.38455229695803
2.27178816439252
2.15980299953596
0.369777114968991
0.397224563470787
-0.828190375980144
-0.503151462604247
0.246936153739446
0.234563330437123
1.59135175013073
0.429772754756878
-2.16922994750455
-1.16627530083651
-1.98723074663123
-2.72867862851755
-0.661556455362421
-1.11532497295619
-0.737766069084527
0.0306032754598214
2.36903257461038
1.0787640172663
3.04899164761848
2.35142475435419
4.16598528737528
2.81351873181239
2.44318228807519
3.19914775464361
2.35477667117919
1.08664630561788
-0.0446089841572767
1.72633984279201
1.93498678160948
1.50596860641532
0.0869101765815163
0.147050343103548
-1.12242841407171
-0.968927262994588
-0.189495986979917
0.0731233638698133
1.54242655860453
0.136855745961521
0.519528784768686
-0.928124800842949
-0.53575848083296
-0.307685447441425
-1.14717844896552
-1.85733542538203
-2.1141420484072
-0.586135540041635
-1.51041663081709
-0.366353798943163
0.0304899579513209
-1.78614419228159
0.581011833138902
1.82716688558246
2.00856263460328
0.709643076326541
0.432853014720799
1.77482695009521
-0.274146241502307
-0.442818451287169
-0.767434851619883
1.34352317552967
2.45765612444418
0.967484997314959
-0.103427980516036
1.54140462649637
2.10633650837154
4.28301103118048
2.91472980745163
1.21031725350813
2.81437886954504
3.13238562274384
1.45886901083042
2.01031069809637
2.83884606201341
3.49587038807218
0.92025932137614
2.34825371467518
-0.738481898400443
1.85211144348437
2.49077765730169
0.753960832933636
-0.757555058423339
0.83740659466561
-2.43588334964966
-0.478913558425009
-0.772351302888491
-0.0812695050408607
-1.25253562873174
-1.93662000461167
-2.04336122011825
0.437179399618175
-1.25301749217573
-1.06630909948952
-1.69675254086459
-2.2444204686203
-2.06007510069212
-2.81676704411773
-4.91365226679294
-3.78355558709527
-3.7670928189554
-0.945753007465584
-1.36596524239995
-1.79267188058289
-1.08097156793718
-1.14542990524268
-2.73768301303728
-1.24396715959593
0.940828502037143
2.69090378576352
0.0901938726748403
3.4847511372613
1.2939482221531
-0.696202611506887
1.41444727997123
1.221139640182
2.23317705639428
0.496317040280119
-0.414465070001479
1.90562623227488
0.0896250868431409
0.405534025706934
-0.291723444487151
0.190120941942931
0.419304869999726
-0.746649649191245
-3.08240913483162
-0.821793225277693
-0.833826126956478
-1.33619404340037
1.06558433080174
-1.13593169314358
-2.31587882219115
-2.614086950833
-1.19310464112578
-1.1097198069574
1.01569786468918
0.451623498295582
-1.15329760262443
-2.35659627376765
-2.56812154533125
-1.59911575533195
-1.5300680508162
-2.20794363019577
-2.74001629876487
-0.894598648650239
-2.50671209678818
-2.38194165536904
-4.0384672698249
-1.69324041195024
-1.95474354353724
0.471815839070637
-2.8561086501475
-2.14317689728214
-2.3471197529804
-2.42895218951144
-1.92690993538311
-0.637515901433092
-1.03644576372122
-0.715471055370069
-1.35321865743201
-1.30867721869993
-1.22680056393954
-1.36559414717145
-4.08538067349538
-3.94943426126944
-3.20272790190134
-2.70611976361357
-1.91080056123471
-3.26230231270833
-3.30516452867194
-1.76881381888059
0.694547628464226
-0.882323908952694
-0.440081446082454
-0.101872391300908
-1.14021423196036
-1.8116258914455
-0.787888808838858
-0.735378320208676
-1.37813382537504
-0.602891432336019
-0.17309684608679
0.481774503150775
-0.59376660969569
0.460491769561736
0.508711212641829
2.55645897712936
3.22894632106683
2.53917496573122
3.46241981209697
2.72501420976942
2.73278491705797
3.03749021718713
1.26130293966226
2.16949299568593
2.45280465704314
3.92283412886195
2.16552946964691
1.38391125708468
2.71788761028474
2.24521140414564
2.55681999220497
5.46598078138234
3.63647795136518
3.960422150012
4.95215771544238
4.09616429132772
2.89180110784355
1.88640254236344
3.03080943583449
3.47588609674176
3.89052436642402
6.83048553663978
4.14922904010423
5.75503165672654
2.87868282096351
3.14605496416771
3.22349026053627
4.49072154071788
3.22792359233137
2.61644999958544
3.00316003697917
4.09570066643185
2.47512670168519
1.36258869846409
0.169714590804388
-1.34619449280654
-2.30908573440439
-1.03933022265453
-0.876238978029951
0.361588344803938
0.0101451723245672
-0.106681262111851
-1.9971036495977
-2.2509608313406
2.14598612426734
1.17026246168868
0.902819950104914
-1.6343761283787
-1.47231919842877
-0.25419583402529
-0.828448233796427
1.07447674235876
2.13528806816499
0.708822986018814
3.53066930662607
5.24097136000448
4.94610994743022
6.57139947130191
6.62753676167004
6.03142138552215
5.22273074501218
3.75898402331424
0.55875583879594
1.92184556920531
1.24906437348517
-0.163466005388893
0.102330912601365
-0.233146687993525
-0.663257533276029
-0.92717242575798
-0.837653755012123
-0.707093910011741
0.413992075984438
-0.704250450642724
-1.38168675498797
-1.82713541754474
-1.02778145733098
-0.213775171159829
-1.15063137025099
-1.30955005404268
-1.07695385959867
0.0877484063914943
-0.729340242050627
0.88773114662668
0.0412676085780069
2.62962273516126
2.84242381228286
3.27662714818366
3.35462186346293
3.75173927738886
4.40532338395554
4.66003282380089
5.46148973111275
5.44569081561306
3.52131729943835
1.44194328415247
1.57085179596531
3.9467985643761
2.61224741449038
1.43248153094295
0.970141523710736
-1.96438899265403
-1.75271251217495
-0.238441885110626
1.55959229005664
3.03078075880413
1.24714002710474
3.64712399941252
3.53876988263059
4.28457402019113
1.36087895777268
-0.485890715124341
-0.431111846322927
1.72875554668596
0.667157393131187
-0.956362950146693
1.32310386853259
0.202102987875385
-0.227768966754676
-1.32635877504867
0.0231908009272268
-1.00643250860393
-2.94274270031652
-3.12259611830161
-4.21076778767312
-3.12777884677585
-2.46308264701974
-0.745741271891631
-0.6066233470885
-0.90913312447658
-1.58752592098741
-5.62021590421385
-5.18318927007497
-4.74180258441801
-3.00409559186339
-3.80118983959945
-4.96491595663142
-5.83256249397656
-5.54784072551552
-6.25907178554147
-5.77157180764602
-3.23528504644685
-1.15889517760306
-1.95461023542725
-1.00067076564831
-3.20310533599826
-5.14896946451479
-3.33105059780411
-3.90920411553517
-3.77698341128065
-3.26678299733683
-3.99349729216101
-4.00643353141206
-4.85867410061612
-4.8052095146694
-4.28503669204187
-5.6885465987474
-5.94965105006074
-7.10361531565429
-5.70225940792696
-6.42344584638938
-7.36328194512422
-5.78095281679461
-4.58047811659161
-4.09409725048109
-1.2642275370752
-3.90641820385629
-4.42811861858623
-5.32402925376432
-5.89552535893325
-4.95953215577164
-3.61756494368878
-2.35043820498548
-3.40089691215171
0.468761526479931
2.19643963448347
2.68999634220268
4.70787804435993
2.61063285877818
2.92992462214246
3.9128338956408
0.617369163218001
1.50878949218437
0.322162346112272
-1.49670017195207
-0.491071589209925
-4.90491328886809
-2.82374983114598
-2.52462192706056
-2.73949845712073
-3.86474565360706
-2.07237885979416
-2.95551190827902
-3.92266377409074
-2.94181109981677
0.00368523988638925
-1.07373712680222
0.54050650840417
0.593195026886285
-1.23044386430203
0.196776933932329
-0.48482167571736
-0.792677681933751
-0.812510781546814
-0.154114692266236
0.513815472385269
-0.193247558973604
-0.360954149947064
0.0845590128279498
0.664089516276358
0.863220824486207
-1.147004164667
-1.40637659847034
-0.73111415641164
-1.06947298066901
-0.375862844735352
-0.687966177052975
-1.04558545606195
-0.989166923449901
1.91152680015649
2.67018258876944
0.461443766387677
-0.889930619298893
-0.400582636346184
1.14661516180825
1.6426713974696
-0.0879154200436061
-1.24908217948029
-3.08873665332859
-3.30305327341293
-1.60047494618644
-0.41194230218972
-1.38930603294303
0.435297946541032
-1.43529646060749
-0.217351309232094
0.325351716167419
-0.00791049589071813
1.56173956069023
-0.059730100976456
-2.04256742647802
-0.31504460194843
-1.50837727920724
-1.26357409410976
0.0195335562878222
-2.98912939599427
-3.1369128834121
-1.55318032630136
-2.43372734312616
-2.91737764358477
-1.20372409188657
-1.8473661726664
-0.607954254353071
-1.72396582314367
-2.21947549360584
-3.37612513364974
-2.76001762022581
-3.09147362829593
-3.02995624984833
-0.978039346627349
-1.28297870030503
-2.51871336571002
-0.234186058383384
2.38181570988375
1.98042428589714
1.58828907943982
1.20071845226234
0.466027818964377
0.269949165013294
-0.0629541357692039
0.0191116181648763
-0.37851638797327
0.9238235799984
0.147666049436262
-0.0678148835692742
0.156731160182934
-2.81997331606461
-2.06496481585792
0.253075174869797
-1.74745390978161
0.415504120284751
0.366363448428922
-0.965273145966561
0.723953323308344
-0.730269434695867
-0.437294896340414
2.1504050225045
4.25344019161145
2.724358336715
2.50089389578197
-0.625163458848587
-3.13382456772553
-2.561502465191
-0.588995423906316
-0.716308287399188
-0.536425890544108
-1.22942190962707
-1.53544082797442
-5.41047557437792
-4.75404228514488
-5.54610133468069
-2.33014939827181
-1.67252365238011
-1.4211249781742
-0.794078428975745
0.288261144652297
0.457183850220213
-0.222179218799615
0.678602021810889
-1.40886788405548
-2.17525177791477
-5.02732944228244
-4.55961872178512
-2.6563788063671
-0.7420689673499
-2.68522798157993
-3.03425136207377
-3.47545211868529
-4.51276001200921
-4.82775779936901
-6.76180785820082
-7.66377694745656
-0.829417159020484
-3.96081193932119
-3.21754973576806
-3.84135521896546
-3.99646755863629
-3.62959010450738
-3.64570699303493
-3.99306867872904
-3.20881368612961
-2.09752539374415
-1.23487770200875
0.166228414742193
-0.024186068367867
0.207325647030473
-0.28345621935777
-0.136074160871326
2.69247777213109
1.77436325639685
2.20108161035109
5.07698472204662
1.53901201368168
3.12897486555848
2.86691494122277
1.57314015910053
1.96357951823739
1.98150630306991
1.01693722600289
0.9825070826814
1.02614896209514
-1.04731083251569
-1.98487460246061
0.214319892401042
2.47100503465418
-0.378418374375792
0.177069152363418
1.85890119986125
-0.4921973686725
0.56015062539559
-0.480344449546287
1.06736177105403
0.517361481523307
0.566799705919069
-0.485130759270334
0.138199146089561
-0.974744377301234
-2.70595902801071
-2.62936453085427
-3.01112991110377
-2.79141188225824
-3.7120588558279
-2.54354129873678
-3.01793741066387
-1.29175418314915
-2.02338047818337
-1.70103733320261
-0.979982276984255
-1.87070725370035
-3.52573025455846
-4.32313107437205
-5.16736614815082
-6.60745077350028
-6.87248582610535
-6.90097182485194
-3.90448248585604
-6.34596452441217
-3.71044749919
-3.74461510424108
-3.9628517526424
-3.81862927750549
-3.54885597399663
-0.676513778263629
-0.150676256070944
-0.0506602691959848
-1.89405273193816
-1.97899996288422
-4.7814436332807
-1.16325479312924
-3.73901747347031
-3.92534551490363
-3.58168388751943
-2.06887623751365
-2.20430377076116
-1.10672049481158
0.157842541659659
-0.785384305487623
-0.504098388829861
-1.50723234354195
0.199039270065928
0.0718751597263785
1.0373815214447
0.272197226070982
0.39895517149518
0.934794664166466
1.77401101378896
-0.877130856239813
-1.59308071778893
-2.5471843078135
-3.33290373749953
-2.82505279889604
-2.89972433557924
-1.57898455069691
-2.98429241641688
-3.06185914833828
-3.98040655798659
-4.05797916691949
-3.61590759850074
-3.18528076952384
-3.76199185724108
-2.77025136674582
-3.30832822436808
-3.23292622240348
-3.93845626683109
-3.47676119070905
-1.58624550326156
-2.14845645798868
-1.0745873137698
0.196712377427383
-0.172619376639534
0.704155381603554
-0.221275206769995
0.213167293927854
1.30515461338311
-0.250645796185014
-0.590197783790319
0.845421288780061
0.495987447601016
1.60442834379544
1.40968734681207
2.63899493984111
2.12706706434095
2.2094065163169
2.9258970311176
3.98044207119793
3.04022811510059
4.17311502922501
4.20753971989944
6.79817934569387
5.01929053625946
5.54462383540653
4.96047098501708
4.07209243160564
2.56968630208438
2.85295407631398
2.71803544374894
2.81510820574105
5.13587977074027
3.72485992525311
3.73541983027112
4.19693380935005
4.24870883019472
3.51338157741482
4.99763211124779
2.88909369906615
1.48739794455778
2.69201644543926
2.35482529079344
2.69400023581415
3.09681902543114
2.41449754500858
0.989274844245071
1.25507007376963
1.02122668561616
2.13118579383544
1.08176746287466
1.53520042295093
0.850377642018154
2.38208266279517
3.8521177339475
3.35498001072173
3.2052116110621
5.17645418668256
5.10823112923743
3.15082209258344
4.03827716628065
6.20063977527204
5.15265683816823
2.4230010099394
4.40659250791388
4.69532435735224
2.37664175341078
1.49570061292748
3.0295615044292
1.65702054392312
0.460506940606174
2.01995417356704
1.69318938082451
1.26635833682577
-0.563399588291234
-0.40888154039435
-1.06665606739873
-0.745177942219192
-0.379790746445651
-0.858041584248168
0.0619942401854069
0.366279347231727
0.430440014610934
2.23712189578514
0.884098125389496
1.92698778593563
2.69107127061107
3.78133312923879
2.42296585969597
-0.578571068638017
0.807457554533094
-1.42703778690474
-2.14320259743335
-0.835351118583029
0.267012811242523
-2.16287116048718
-0.532275622840075
0.0759028564970455
1.1077467383975
2.34323895886499
2.9113580099323
1.88061640756821
3.16150926701939
3.92156496127893
2.47771744329357
2.54624162060403
2.75369140561036
3.53839575926146
2.70077844161651
1.55784420682026
0.854679158392554
2.0295300787915
2.66200625005622
1.94883080596446
1.24279966152819
0.322217189470766
0.88495857080857
-0.0729168467072753
-1.92026392961226
-2.72239230015127
-2.36447870142036
-2.93735138304656
-2.02566691168621
-0.740024190247366
-0.629014283952437
-0.512147877569057
-0.376131311734181
-1.97344983496078
-0.426425908184235
-1.24597222120346
-0.471159309960651
-1.27084566418902
-1.45318604740521
-3.36383985834549
-1.28967242770158
-0.405237953401962
-1.4910705898829
0.052548954865289
0.0149625044206418
1.35883879935585
1.14726235548761
3.52123774048065
3.46729039574795
1.59591339845596
1.05381471319365
0.136509000624508
-1.00866866355997
-3.33781721937866
-1.32388161512709
-0.979732879768308
-0.0369077853975451
1.72810273069745
1.36236139912606
3.08007408991977
2.96348856219014
0.363611105644532
-0.543051964467107
-2.38867018901598
-2.28762779685744
-0.512021019904485
-1.66426096429453
-1.0379904656217
-1.1132281879678
0.377858610015645
0.57739266823591
0.471103083507684
0.227571641313702
1.62637866148663
3.28330507715457
1.12883656444453
3.1863149130822
2.25298416376897
-1.07875596365151
-2.01740200650149
-4.31409986507878
-4.8856246633761
-2.02843290009045
-1.76417326981284
-3.53865504443181
-2.60851892346577
-2.86610889020205
-2.56304832298289
-1.46111129764324
-2.79127902802535
-2.60757185700584
-2.35449223617148
-2.73039784090717
-3.12305883267206
-2.45469714476133
-3.15442660350715
-0.952949520956921
-1.77039896353966
-2.02331183186079
-2.73861242677776
-3.20201264848453
-3.97543271779675
-2.63452949288888
-1.60851077589806
-1.76516423548319
-2.732628879583
-3.03724077889481
-2.27065438057302
-1.47052351090632
-1.44738120108476
-2.31242233198847
-0.923945372538098
0.177868738733762
0.213050403266571
-0.262787346898142
-0.977928707374449
-3.48375029968835
-0.122403176786416
0.984560429962007
-0.155496201251095
1.6178053417263
0.104362723531585
-0.191769760277182
1.01886180625986
-0.422411770065766
1.18313963258433
-1.42036804447368
-0.160849910803435
0.521297864104556
1.29485037598561
3.3052893719029
3.15001980638561
3.54426271487784
0.289621529858043
-1.12852753615358
-0.643117166288804
-0.853922478100789
-0.525682772809789
-0.432663180595762
-0.327236453170861
-1.36079096424137
0.19941913284402
2.8012648538949
2.84965511278072
2.48876304914593
2.67867727486813
4.97464495698016
2.43753853894672
1.7349929617031
2.81938985281139
1.33848528706107
1.29106922428765
-1.45398535641728
-0.453486608880621
-1.06514694756054
2.57358114677352
0.837890851052869
-0.621952691579129
-1.08776046700013
-1.19976644001575
-3.31868135467081
-1.89047653769332
-1.73356897112329
0.0419766398598169
0.794401213236581
-0.019455744896904
0.359562905055269
0.391038630770519
1.94412901002306
2.72997963673083
2.5803420412871
1.55572052889417
3.92938696127538
2.59818003606647
3.18597650701749
3.35368857627695
6.17252931953082
5.75183071041719
5.30611418547846
4.34480890354343
5.46386222857465
1.31455776364574
5.2439039562708
4.16098790308368
4.73132092043409
2.23165752355652
3.1263070457598
0.501229335283238
0.576180005856643
-0.525247718887134
-2.28771553267428
-1.60513314104878
-1.33493077465847
-0.282283343094698
-0.540981738544243
0.77017640361941
-1.66558504329598
-2.40161598760799
-2.63834938056216
0.66775157442109
0.0660258753026092
0.0816697974821669
0.508399245679613
-0.335733588295956
-0.852622816215647
-2.36901121247026
-3.49979580115957
-2.97042799673386
-2.13118128321721
-2.40982459740874
-0.872760210562761
-0.0224371267234909
0.720230202139846
0.288234719151083
0.85603144688803
1.14972734084188
-0.403293096724853
1.42201273683958
2.07797357571658
1.23698281791622
-0.693570883911997
-0.783507786462041
0.600000270450053
0.766992307764572
0.488285108843348
2.87518669395844
0.674625050323629
-0.671489516681041
-0.0352205534674199
-0.592248600427141
0.577176311931832
-0.156758521318411
0.3981350704911
2.05443340600626
3.07762913748581
2.54796047257147
2.92869725951254
3.00926045079928
2.52351282153852
2.79464470819933
0.772083340049531
1.01716744084312
5.04779417497887
1.02280695818714
0.569913349126418
-1.654848995024
-0.34411608180351
1.12455090703219
3.31432427906944
1.42890078786017
1.45319977979185
-0.170591324228022
2.1147607490396
4.36857282516927
3.03548679651101
3.25205116056852
4.34966434678812
5.1156754049504
5.14100386009662
4.89320329334105
6.84762025887772
4.13832977281884
2.4351176311351
3.31503944244787
2.87716691275327
2.63735571592875
3.08038633370283
1.73828316667481
2.01399361182828
2.05084627680517
1.61065686515562
0.575383202071574
-1.75905498448753
-2.0355945809667
1.25058306172204
-0.466688241490395
-0.0389166750615373
0.678781098911939
-2.64548780444087
-0.842268333170821
4.16439395493989
1.26543056225157
-0.862050790153357
1.75273500157215
1.27878617475933
1.50717190753126
0.487435594309336
0.196621663967297
0.556601456740482
1.35859824399841
0.633731325167094
1.71291483398117
2.90399420061244
1.35267590320151
2.10444851159439
0.938852574834191
2.57275563457274
2.09488299486596
-0.178430773924816
-1.20411151581273
2.97899638565581
-0.246311258997527
-1.43833908090898
-2.3423339296337
-2.72490656076652
-1.00090588546064
-0.501779436362446
1.07496591174879
-3.18880951081412
-1.40828230584096
-0.817019727931655
-0.792362685275033
-1.02356181410553
-0.100486926965368
2.23311355188631
-1.03959048437084
-0.33070224690201
-1.42833562842398
-1.71508573580907
-1.28864935207847
-2.92510460221095
-2.90199241592687
-2.78173908551326
-1.26843691207567
0.288421807135999
-2.12492395476941
-1.458451923795
-3.45575950324557
-3.54057364739003
-0.742747838762679
-0.0146211516895089
-0.970198923482025
-1.31793118395785
-1.21649083757529
-1.36493949717667
1.86009730617784
1.82795992646092
2.41738252449412
1.83492678492062
2.28652050575395
2.92341017081512
1.73122379000564
3.22534864712084
3.33570074791124
2.43363305690007
2.72393735740526
3.29894553468624
-0.18049744930751
1.93147903340882
2.21053788500411
1.94295565533884
-0.428680665685453
-1.04867060257763
0.448232377294416
0.064209692767981
-1.39390067753506
-2.38977666140893
-1.28046237359884
0.447474420333558
0.699453789800735
-0.23985907593729
0.871570205410734
2.13282061248559
3.32000097600216
3.06943719840854
2.43598698207532
3.92224838227334
3.91214631388762
4.68145014271638
5.92425298615932
6.30106286747219
7.27549634140951
7.17182420896709
4.13975715120016
5.61425011746556
3.96501831772082
4.01999017986348
4.14981914005865
4.32726135280893
0.487896405042838
1.02581212661149
0.691968644078723
-0.626943594192521
3.69862138066336
2.33702644423333
2.59150853901368
1.70340307721546
2.01336323606379
1.94958902218611
0.398818149049827
0.98144834538147
-1.20478246378509
-1.77260691590236
-2.35210226416653
1.79952383316161
2.15371939304525
2.71913749332941
2.55278334004037
2.15599429480765
1.74845652671956
1.02042663818207
2.53679031939758
5.02892573546927
4.43628117587173
2.23929928726764
1.17922422370705
0.854526613070187
0.5030037264927
1.45713408396118
-0.154787624285996
0.308289380533607
1.10393904729608
3.07998427594045
0.655478789811379
0.426527033762743
-0.166124634904288
1.81088100007795
2.47458564093058
-0.510474192623886
-0.247136732704555
-0.642933003444821
-1.56072792797609
-2.42595878396418
-0.717736554911824
-0.867159167210661
1.09680780885988
0.0698187455645106
1.65534865635486
-0.0473887879580933
0.734081988813061
-0.528167579580161
-1.67358890793733
-2.58007864949511
-0.588339325390778
0.797492244849842
1.01368262210473
3.09140316986987
0.893283223759146
1.37438290928773
1.02825995845036
0.141262255643547
-1.41032124483005
-0.835587595084333
-1.60249509655527
-2.01066633993887
-3.75446301825355
-2.7375297611858
-3.98060350725103
-4.48326603363911
-3.76021621390238
-2.50382682109171
-2.44573481782583
0.148446697851932
-2.9375362092473
-4.94358849354691
-4.50904797689978
-4.20646841557059
-2.23597053777833
-1.99487965114522
-1.86619442070025
0.145667091958614
-2.05693333189183
-2.19037880504001
-3.34384171171063
-3.11032663610471
-2.8588820007912
-5.13886534529005
-3.8905343521537
-7.09056715189359
-8.1675253662567
-9.51218484248197
-9.11196273250854
-11.1730450301401
-9.84058250480551
-8.69401467264924
-8.06734071726731
-9.56750515816916
-7.24174842985958
-4.66665307292858
-5.27152659492005
-3.55252880187521
-3.30376985475423
-2.14609667905337
-3.57036679299813
-4.15879419651952
-3.67866698340747
-4.06354324594508
-4.6283426686672
-5.87555874452761
-3.60494456556081
-2.42182599376422
-2.9197853947697
-4.43477334377404
-3.84426049275855
-4.52932571615962
-2.39496818789835
-3.22394167622325
-3.08981170056162
-1.91124093160067
-2.06288500334309
-3.97020781169605
-4.75946622656387
-4.75511169285755
-4.56574305794477
-3.42268561702785
-1.10188670513036
-1.34059845205255
-0.414229544112353
0.0258344299457012
0.325253004101265
2.17336727546589
0.331214221234879
0.423956916476071
1.00603921795734
0.717711236410466
3.19185035660476
1.24881456949274
3.38891996654664
1.69124935030066
1.04465921164963
2.10183381798445
1.0565492730073
0.159212547491026
1.25243765048924
0.405179250700556
0.867958871713367
0.731818600341358
-1.00064523075637
-1.78367805606552
-0.735637174086614
-0.239936109112641
-3.06367493194581
-2.5850811217655
-0.695358604628822
-2.58305762626992
-0.313385602412143
-0.0182662394085729
0.219704404098343
-0.61551846316648
-0.853969506405303
-1.5012989909633
-0.40694851792272
-0.419629802959853
2.10627023538167
-0.330424972440136
-1.96470320268068
-0.683836919467337
-0.671703900610251
-0.271701599836733
-1.7702294891831
-0.485531305853168
-2.23000766126711
-2.5592255873533
-4.00739277933479
-5.66719401667917
-2.49790716856147
-3.24840940395233
-3.4353766830751
-0.0598715986061025
-0.52029874438764
-0.235797914535683
-0.278906731298824
-1.8741044875264
0.0415451957127721
-0.753532124534133
-2.38709858065623
-1.69195282794297
-2.80438284894116
-1.33630970972473
0.12853853955111
1.28234943315085
0.107801367784829
0.989097529450893
0.652188997864026
-1.27240101324559
-1.07285445697828
-3.12384448100815
-0.542092902561607
-2.43409126637686
-3.524724589905
-2.4209103594899
-2.92150271685569
-1.81518007205181
-2.38087527335523
-2.35510928948392
-3.23529473678659
-1.60582189560422
-4.67585182431193
-4.16341175133333
-6.64795304550014
-6.44918782072374
-3.51182063668341
-2.25841830796533
-2.56889691597937
-1.61743838586745
-1.67043777773592
-2.33596585556566
-4.28842796256188
-2.87441252724645
-2.67018680042892
-3.39415058687075
-2.62575338339507
-4.13422160695687
-4.40205317223424
-5.93905641115566
-4.80654516192691
-3.83863970482889
-2.92106513734957
-3.3422256910434
-2.07449634066441
-4.12478925109579
-3.04077110406926
-3.84751783277167
-0.868440260921749
-3.30283760614304
-2.47474352179443
-3.27864758412892
-4.26587174069101
-2.50271273356587
-1.36181322334952
-0.481477114140577
-1.00121295298664
-1.20873161641148
2.00188629166563
3.72208561215836
5.59299555457778
6.46915828547405
5.36292956136424
2.48807985897345
1.90817521634541
1.34812716634488
2.32046866386424
2.34894906277204
3.35018245887863
4.01299680276043
1.32709235967284
0.196300438112494
2.97246988203116
2.26697284009364
3.9853662156458
2.48249849478716
1.49650834005371
3.37697291065843
1.84474142315315
1.78189330663773
3.06001594546898
1.75000600443084
-0.225553538345061
1.26255952880725
3.0962022148674
2.68590974308231
3.52251410820111
1.84102295981977
-0.536084778585147
1.29222471138914
-0.0880939952085545
1.06579325727193
0.223201356248069
-0.172728485837002
-1.11519959878574
-1.42229045186249
0.360431687097377
1.15440363955251
1.005540196548
1.277821257642
0.0700168502009755
-0.015274642878497
-0.0294611001677703
-0.670438651880388
-1.80847718842705
-1.47749562504386
-0.392697418857114
-0.872819887443294
-0.824388834493597
-0.000274363961487056
1.19464501245141
2.12221365836639
0.0595830811735047
1.0458110447894
0.550062738202117
1.51046832338106
1.42999385651404
4.04827108560192
3.7558664190112
2.46731357583845
2.18806938897952
0.446707164716739
-2.84728789899833
-1.03086219006632
1.5996995346239
0.340275382244316
1.81593102251191
-0.208599459127264
-2.18367738315635
-0.960575862267199
0.0769380062164598
-0.745044286746966
-2.43724390048369
-0.837499824830607
1.13860179582477
-1.09238219833664
1.22222991455935
-2.06280142984476
-1.6651921510853
0.257645029447101
-2.31170502597693
-1.25020879542734
-0.840171481114032
-1.79534754472073
-1.75802642931923
-3.42125866285361
-0.130242815474685
-0.73962840689107
-0.807609525192754
1.01326441102958
-0.0327577488456649
-2.3615898043995
-2.61077763455529
-0.0969361749542912
0.574131652931816
0.287978688998294
-1.49549610258864
-1.04110021207046
-0.627132378124351
-2.45859146039299
-0.256916194246421
-0.586828845560171
0.988800603422017
-0.569508634758365
0.635669229150758
-1.15132104362586
0.629805098426067
-0.321162237429486
-0.974264012441767
-0.616803114752136
0.879161988531884
0.636695913744632
-1.81356512056629
-1.15381175824331
-0.141873734739505
-0.29866190739567
-1.01923441854367
-0.054267688996701
1.68112433521261
2.65339926899863
1.55706435501208
0.902558777476321
1.8168914516956
1.30390132120715
3.97630065562603
3.04717712143683
3.05774274914007
2.44941698671425
2.90508948820433
1.84409665967905
1.14638157124261
1.12271510902375
1.51693131149314
2.79625607668841
3.59993777761033
5.33739372098671
2.36806327248801
-0.0355113218002672
0.147771678629331
0.353520010617005
0.933775815580872
-0.319766414347875
2.50275149118324
1.5009256066744
0.0697246759241459
0.486334331150972
-0.876453966502283
0.88143088465238
0.501950509351105
0.197144321723491
-0.134422580207176
0.653973134833403
-0.971621206715467
0.0877812611101523
1.25589791111853
2.28457417031179
2.35701424198069
3.32772679357816
3.71776394069171
2.77724866807462
1.96485169788296
1.74544297142406
1.48031564722812
0.384091394238076
1.99738269320331
3.47249975556391
3.58054470706141
1.4280281410063
0.996586343555741
0.861010756657158
-1.16600717924745
-0.154617449338507
2.82326427828173
-1.10176346781058
-0.380374672915947
-1.24220236220367
-1.0101789605484
0.60803729735477
0.0950581460548585
-0.952398276631885
-4.26653936052628
-2.5339936142274
-1.19435635913781
-1.24007295043547
-1.67145914117367
-1.21099584384034
0.996648142058074
0.391282384091645
-2.48070357860023
-3.83967185923959
-1.90535989519365
0.171551739574483
1.30557624299008
1.45278780508288
1.20804988548606
3.97775890654351
1.84799031110088
0.776289885790771
-2.83936404259702
-3.42508365449519
-4.86461171154681
-4.88618682134125
-4.9380164167123
-4.15989221405061
-5.47388320850258
-5.49847064211384
-1.99528430022711
-2.72363215710246
-3.11413284937811
-2.82008769351946
-4.32900935033453
-4.57749372482759
-6.77275429902689
-6.32892639838058
-5.92665225548093
-5.49332437018874
-4.96204191383176
-4.36794359641689
-3.00012596430594
-2.79207358569983
-1.08831889291527
0.254014560519099
-1.15649631986414
2.04906236113622
2.78144469194616
2.24879333604092
1.6515162056088
-0.374172928921118
1.17193612470723
-0.769966993017237
-0.105480616053744
2.52381430568021
1.2675133031818
0.818067689851852
0.562166032171799
0.124211556380686
-1.77844409542143
-0.796176470779067
-2.71964459581093
-3.07942691050762
-1.39204655513043
