0.02	0.000818915159574	0	2.05E-08
0.03	0.001806776595745	0	4.70E-08
0.04	0.003146283882979	0	8.85E-08
0.05	0.004810356276596	0	1.41E-07
0.06	0.006771058244681	0	2.16E-07
0.07	0.008999987287234	0	2.97E-07
0.08	0.011468660638298	0	4.03E-07
0.09	0.014148886702128	0	5.32E-07
0.1	0.017013108510638	0	6.60E-07
0.11	0.020034684042553	0	8.07E-07
0.12	0.02318817606383	0	9.89E-07
0.13	0.026449513297872	0	1.21E-06
0.14	0.029796179787234	0	1.34E-06
0.15	0.033207315957447	0	1.63E-06
0.16	0.036663765957447	0	1.78E-06
0.17	0.040148123404255	0	2.20E-06
0.18	0.043644726595745	0	2.50E-06
0.19	0.047139596808511	0	2.71E-06
0.2	0.050620396276596	0	3.14E-06
0.21	0.054076371808511	0	3.45E-06
0.22	0.057498229787234	0	3.94E-06
0.23	0.060878042553192	0	4.17E-06
0.24	0.064209170212766	0	4.60E-06
0.25	0.067486141489362	0	4.97E-06
0.26	0.070704529787234	0	5.45E-06
0.27	0.073860874468085	0	5.73E-06
0.28	0.076952557978723	0	6.19E-06
0.29	0.079977736170213	0	7.00E-06
0.3	0.082935222872341	0	7.36E-06
0.31	0.085824415957447	0	7.70E-06
0.32	0.08864522606383	0	8.38E-06
0.33	0.091397995744681	0	9.05E-06
0.34	0.094083426595745	0	9.23E-06
0.35	0.096702553723404	0	9.85E-06
0.36	0.099256646808511	0	1.03E-05
0.37	0.101747251595745	0	1.10E-05
0.38	0.104175920212766	0	1.16E-05
0.39	0.10654454787234	0	1.17E-05
0.4	0.108854957446808	0	1.26E-05
0.41	0.111109180851064	0	1.29E-05
0.42	0.113309244680851	0	1.37E-05
0.43	0.115457143617021	0	1.44E-05
0.44	0.117554978723404	0	1.48E-05
0.45	0.119604675531915	0	1.54E-05
0.46	0.121608515957447	0	1.60E-05
0.47	0.123568207446808	0	1.67E-05
0.48	0.125485968085106	0	1.76E-05
0.49	0.127363558510638	0	1.83E-05
0.5	0.129202877659574	0	1.91E-05
0.51	0.131005813829787	0	1.89E-05
0.52	0.132774058510638	0	1.92E-05
0.53	0.134509340425532	0	2.04E-05
0.54	0.136213265957447	0	2.16E-05
0.55	0.137887441489362	0	2.19E-05
0.56	0.139533329787234	0	2.21E-05
0.57	0.141152425531915	0	2.31E-05
0.58	0.142746154255319	0	2.33E-05
0.59	0.144315734042553	0	2.45E-05
0.6	0.145862537234042	0	2.46E-05
0.61	0.147387696808511	0	2.56E-05
0.62	0.148892478723404	0	2.46E-05
0.63	0.150377813829787	0	2.71E-05
0.64	0.151844819148936	0	2.78E-05
0.65	0.153294585106383	0	2.67E-05
0.66	0.154727914893617	0	2.86E-05
0.67	0.156145819148936	0	2.92E-05
0.68	0.157549122340426	0	2.96E-05
0.69	0.158938553191489	0	3.14E-05
0.7	0.160314978723404	0	3.05E-05
0.71	0.161679122340425	0	3.13E-05
0.72	0.163031569148936	0	3.12E-05
0.73	0.16437304787234	0	3.36E-05
0.74	0.165704319148936	0	3.40E-05
0.75	0.167025718085106	0	3.56E-05
0.76	0.168337989361702	0	3.50E-05
0.77	0.169641515957447	0	3.51E-05
0.78	0.170936946808511	0	3.52E-05
0.790000000000001	0.172224638297872	0	3.81E-05
0.8	0.173505154255319	0	3.80E-05
0.810000000000001	0.174778829787234	0	3.92E-05
0.82	0.176046127659575	0	4.06E-05
0.83	0.177307313829787	0	4.12E-05
0.84	0.178562877659574	0	4.19E-05
0.850000000000001	0.179813180851064	0	4.18E-05
0.860000000000001	0.181058409574468	0	4.31E-05
0.87	0.182298978723404	0	4.25E-05
0.88	0.183535223404255	0	4.47E-05
0.890000000000001	0.184767260638298	0	4.56E-05
0.900000000000001	0.185995521276596	0	4.70E-05
0.910000000000001	0.187220154255319	0	4.62E-05
0.92	0.188441377659575	0	4.71E-05
0.930000000000001	0.189659526595745	0	4.90E-05
0.940000000000001	0.190874680851064	0	4.92E-05
0.950000000000001	0.192087132978723	0	5.03E-05
0.960000000000001	0.193297063829787	0	4.88E-05
0.970000000000001	0.194504622340426	0	5.10E-05
0.980000000000001	0.195710026595745	0	5.25E-05
0.990000000000001	0.19691335106383	0	5.41E-05
1	0.198114872340426	0	5.29E-05
1.01	0.199314664893617	0	5.36E-05
1.02	0.200512808510638	0	5.75E-05
1.03	0.201709659574468	0	5.54E-05
1.04	0.202905021276596	0	5.67E-05
1.05	0.20409929787234	0	5.88E-05
1.06	0.205292446808511	0	6.03E-05
1.07	0.206484664893617	0	5.76E-05
1.08	0.207675957446808	0	6.06E-05
1.09	0.2088665	0	6.23E-05
1.1	0.210056345744681	0	6.49E-05
1.11	0.211245638297872	0	6.22E-05
1.12	0.212434420212766	0	6.34E-05
1.13	0.213622792553191	0	6.66E-05
1.14	0.214810760638298	0	6.50E-05
1.15	0.215998489361702	0	6.77E-05
1.16	0.217185973404255	0	6.50E-05
1.17	0.218373367021277	0	6.87E-05
1.18	0.219560675531915	0	7.05E-05
1.19	0.220747914893617	0	7.16E-05
1.2	0.221935265957447	0	7.06E-05
1.21	0.223122686170213	0	6.97E-05
1.22	0.224310260638298	0	7.13E-05
1.23	0.225498010638298	0	7.27E-05
1.24	0.226686069148936	0	7.54E-05
1.25	0.227874308510638	0	7.74E-05
1.26	0.229063010638298	0	7.57E-05
1.27	0.230252005319149	0	7.64E-05
1.28	0.231441473404255	0	8.19E-05
1.29	0.232631356382979	0	7.78E-05
1.3	0.233821739361702	0	8.02E-05
1.31	0.235012627659574	0	8.21E-05
1.32	0.236204143617021	0	8.39E-05
1.33	0.237396265957447	0	8.37E-05
1.34	0.238588877659574	0	8.31E-05
1.35	0.239782212765957	0	8.57E-05
1.36	0.240976265957447	0	8.80E-05
1.37	0.242170962765957	0	8.83E-05
1.38	0.243366409574468	0	8.66E-05
1.39	0.244562670212766	0	8.78E-05
1.4	0.245759675531915	0	8.58E-05
1.41	0.246957441489362	0	9.08E-05
1.42	0.248156127659574	0	9.44E-05
1.43	0.249355627659574	0	9.30E-05
1.44	0.250555941489362	0	9.37E-05
1.45	0.251757143617021	0	9.56E-05
1.46	0.252959276595744	0	9.13E-05
1.47	0.254162335106383	0	9.55E-05
1.48	0.255366308510638	0	9.91E-05
1.49	0.256571287234042	0	9.89E-05
1.5	0.257777207446808	0	9.87E-05
1.51	0.258984138297872	0	1.01E-04
1.52	0.260192053191489	0	9.95E-05
1.53	0.261401	0	1.04E-04
1.54	0.262610936170213	0	1.01E-04
1.55	0.263821909574468	0	1.02E-04
1.56	0.265033989361702	0	1.10E-04
1.57	0.266247069148936	0	1.10E-04
1.58	0.267461276595744	0	1.10E-04
1.59	0.268676558510639	0	1.09E-04
1.6	0.269892968085106	0	1.17E-04
1.61	0.271110473404255	0	1.11E-04
1.62	0.272329079787234	0	1.15E-04
1.63	0.273548840425532	0	1.12E-04
1.64	0.27476970212766	0	1.16E-04
1.65	0.275991771276596	0	1.16E-04
1.66	0.277214946808511	0	1.19E-04
1.67	0.278439303191489	0	1.15E-04
1.68	0.279664840425532	0	1.22E-04
1.69	0.280891510638298	0	1.22E-04
1.7	0.282119425531915	0	1.26E-04
1.71	0.283348558510638	0	1.21E-04
1.72	0.284578856382979	0	1.28E-04
1.73	0.285810340425532	0	1.29E-04
1.74	0.287043021276596	0	1.33E-04
1.75	0.288276984042553	0	1.25E-04
1.76	0.289512138297872	0	1.29E-04
1.77	0.290748553191489	0	1.29E-04
1.78	0.291986239361702	0	1.30E-04
1.79	0.293225090425532	0	1.39E-04
1.8	0.29446525	0	1.28E-04
1.81	0.295706606382979	0	1.37E-04
1.82	0.296949212765957	0	1.40E-04
1.83	0.298193090425532	0	1.46E-04
1.84	0.299438281914894	0	1.39E-04
1.85	0.300684734042553	0	1.44E-04
1.86	0.301932468085106	0	1.49E-04
1.87	0.303181441489362	0	1.44E-04
1.88	0.304431718085107	0	1.45E-04
1.89	0.305683281914893	0	1.41E-04
1.9	0.306936159574468	0	1.51E-04
1.91	0.308190303191489	0	1.51E-04
1.92	0.309445739361702	0	1.51E-04
1.93	0.310702484042553	0	1.56E-04
1.94	0.311960553191489	0	1.51E-04
1.95	0.313219914893617	0	1.57E-04
1.96	0.314480558510638	0	1.55E-04
1.97	0.315742526595744	0	1.52E-04
1.98	0.317005803191489	0	1.59E-04
1.99	0.318270409574468	0	1.58E-04
2	0.319536313829787	0	1.62E-04
2.01	0.320803553191489	0	1.65E-04
2.02	0.322072111702128	0	1.70E-04
2.03	0.323342021276596	0	1.63E-04
2.04	0.32461314893617	0	1.67E-04
2.05	0.325885664893617	0	1.63E-04
2.06	0.327159563829787	0	1.66E-04
2.07	0.328434755319149	0	1.68E-04
2.08	0.329680711229946	0	1.79E-04
2.09	0.330957689839572	0	1.76E-04
2.1	0.332236005347593	0	1.73E-04
2.11	0.333515631016043	0	1.77E-04
2.12	0.334796620320855	0	1.84E-04
2.13	0.336078898395722	0	1.81E-04
2.14	0.337362518716577	0	1.72E-04
2.15	0.338647475935829	0	1.74E-04
2.16	0.339933748663101	0	1.80E-04
2.17	0.341221331550802	0	1.92E-04
2.18	0.342510294117647	0	1.89E-04
2.19	0.343800593582888	0	1.95E-04
2.2	0.34509220855615	0	1.85E-04
2.21	0.346385181818182	0	1.96E-04
2.22	0.34767943315508	0	1.93E-04
2.23	0.348975037433155	0	2.00E-04
2.24	0.350272026737968	0	1.93E-04
2.25	0.351570310160428	0	1.93E-04
2.26	0.352869919786096	0	1.95E-04
2.27	0.354170973262032	0	2.02E-04
2.28	0.355473235294117	0	2.07E-04
2.29	0.356776935828877	0	1.98E-04
2.29999999999999	0.358081898395722	0	2.07E-04
2.30999999999999	0.359388262032086	0	1.99E-04
2.31999999999999	0.360695946524064	0	1.99E-04
2.32999999999999	0.362004994652406	0	2.08E-04
2.33999999999999	0.363315374331551	0	2.07E-04
2.34999999999999	0.364627117647059	0	2.14E-04
2.35999999999999	0.36594020855615	0	2.19E-04
2.36999999999999	0.367254647058823	0	2.19E-04
2.37999999999999	0.36857043315508	0	2.21E-04
2.38999999999999	0.369887513368984	0	2.13E-04
2.39999999999999	0.371205989304813	0	2.24E-04
2.40999999999999	0.372525812834224	0	2.24E-04
2.41999999999999	0.373846957219252	0	2.29E-04
2.42999999999999	0.375169497326203	0	2.23E-04
2.43999999999999	0.37649335828877	0	2.31E-04
2.44999999999999	0.377818577540107	0	2.28E-04
2.45999999999999	0.37914514973262	0	2.32E-04
2.46999999999999	0.380473048128342	0	2.29E-04
2.47999999999999	0.381802352941176	0	2.28E-04
2.48999999999999	0.383132914438503	0	2.27E-04
2.49999999999999	0.384464893048128	0	2.34E-04
2.50999999999999	0.385798278074866	0	2.40E-04
2.51999999999999	0.387132909090909	0	2.29E-04
2.52999999999999	0.388468935828877	0	2.35E-04
2.53999999999999	0.38980628342246	0	2.33E-04
2.54999999999999	0.391144989304813	0	2.36E-04
2.55999999999999	0.392485064171123	0	2.43E-04
2.56999999999999	0.393826470588235	0	2.44E-04
2.57999999999999	0.395169256684492	0	2.51E-04
2.58999999999999	0.39651335828877	0	2.44E-04
2.59999999999999	0.397858828877006	0	2.45E-04
2.60999999999999	0.399205625668449	0	2.45E-04
2.61999999999999	0.400553796791444	0	2.51E-04
2.62999999999999	0.401903245989305	0	2.59E-04
2.63999999999999	0.403254101604278	0	2.51E-04
2.64999999999999	0.404606262032085	0	2.56E-04
2.65999999999999	0.405959780748663	0	2.56E-04
2.66999999999999	0.407314663101605	0	2.65E-04
2.67999999999999	0.408670909090909	0	2.58E-04
2.68999999999999	0.410028465240642	0	2.54E-04
2.69999999999999	0.411387304812834	0	2.61E-04
2.70999999999999	0.412747598930481	0	2.82E-04
2.71999999999999	0.414109128342246	0	2.69E-04
2.72999999999999	0.415472085561497	0	2.75E-04
2.73999999999999	0.416836326203208	0	2.72E-04
2.74999999999999	0.41820192513369	0	2.79E-04
2.75999999999999	0.419568828877006	0	2.77E-04
2.76999999999998	0.420937096256684	0	2.70E-04
2.77999999999998	0.422306625668449	0	2.80E-04
2.78999999999998	0.423677588235294	0	2.82E-04
2.79999999999998	0.425049860962567	0	2.77E-04
2.80999999999998	0.426423449197861	0	2.97E-04
2.81999999999998	0.427798395721926	0	2.93E-04
2.82999999999998	0.429174604278075	0	2.81E-04
2.83999999999998	0.430552203208556	0	2.87E-04
2.84999999999998	0.431931122994652	0	2.96E-04
2.85999999999998	0.433311363636364	0	2.96E-04
2.86999999999998	0.434692866310161	0	2.94E-04
2.87999999999998	0.436075748663101	0	2.97E-04
2.88999999999998	0.437459930481283	0	3.00E-04
2.89999999999998	0.438845465240642	0	3.00E-04
2.90999999999998	0.440232320855615	0	2.87E-04
2.91999999999998	0.441620475935829	0	3.05E-04
2.92999999999998	0.443009946524064	0	2.98E-04
2.93999999999998	0.444400721925134	0	3.11E-04
2.94999999999998	0.445792839572193	0	3.06E-04
2.95999999999998	0.447186240641711	0	3.21E-04
2.96999999999998	0.448580946524064	0	3.04E-04
2.97999999999998	0.449976978609626	0	3.07E-04
2.98999999999998	0.451374331550802	0	3.14E-04
2.99999999999998	0.452772935828877	0	3.09E-04
3.00999999999998	0.454172882352941	0	3.20E-04
3.01999999999998	0.45557413368984	0	3.25E-04
3.02999999999998	0.456976679144385	0	3.35E-04
3.03999999999998	0.458380577540107	0	3.21E-04
3.04999999999998	0.45978571657754	0	3.24E-04
3.05999999999998	0.461192128342246	0	3.28E-04
3.06999999999998	0.462599914438503	0	3.36E-04
3.07999999999998	0.464008941176471	0	3.22E-04
3.08999999999998	0.465419294117647	0	3.22E-04
3.09999999999998	0.466830903743316	0	3.24E-04
3.10999999999998	0.468243823529412	0	3.48E-04
3.11999999999998	0.469658042780749	0	3.40E-04
3.12999999999998	0.471073529411765	0	3.50E-04
3.13999999999998	0.472490288770054	0	3.36E-04
3.14999999999998	0.47390835828877	0	3.53E-04
3.15999999999998	0.475327721925134	0	3.37E-04
3.16999999999998	0.476748368983957	0	3.41E-04
3.17999999999998	0.478170240641711	0	3.55E-04
3.18999999999998	0.479593449197861	0	3.49E-04
3.19999999999998	0.481018005347594	0	3.53E-04
3.20999999999998	0.482443700534759	0	3.60E-04
3.21999999999998	0.483870721925134	0	3.59E-04
3.22999999999997	0.485299064171123	0	3.67E-04
3.23999999999997	0.486728652406417	0	3.65E-04
3.24999999999997	0.48815949197861	0	3.73E-04
3.25999999999997	0.489591652406417	0	3.77E-04
3.26999999999997	0.491025101604278	0	3.61E-04
3.27999999999997	0.492459748663101	0	3.67E-04
3.28999999999997	0.493895679144385	0	3.72E-04
3.29999999999997	0.495332962566845	0	3.56E-04
3.30999999999997	0.49677143315508	0	3.74E-04
3.31999999999997	0.498211187165775	0	3.68E-04
3.32999999999997	0.499652181818182	0	3.74E-04
3.33999999999997	0.501094497326203	0	3.90E-04
3.34999999999997	0.50253807486631	0	3.94E-04
3.35999999999997	0.503982898395722	0	3.68E-04
3.36999999999997	0.505429010695187	0	3.80E-04
3.37999999999997	0.506876390374331	0	3.81E-04
3.38999999999997	0.508325021390374	0	3.94E-04
3.39999999999997	0.509774882352941	0	3.88E-04
3.40999999999997	0.511226032085561	0	4.00E-04
3.41999999999997	0.512678438502674	0	3.89E-04
3.42999999999997	0.514132080213904	0	4.04E-04
3.43999999999997	0.515587069518717	0	3.74E-04
3.44999999999997	0.517043251336898	0	4.07E-04
3.45999999999997	0.518500732620321	0	3.88E-04
3.46999999999997	0.519959497326203	0	4.18E-04
3.47999999999997	0.521419459893048	0	3.94E-04
3.48999999999997	0.522880711229946	0	4.07E-04
3.49999999999997	0.52434320855615	0	4.23E-04
3.50999999999997	0.525807016042781	0	4.17E-04
3.51999999999997	0.527271994652406	0	4.19E-04
3.52999999999997	0.528738256684492	0	4.11E-04
3.53999999999997	0.530205823529412	0	4.32E-04
3.54999999999997	0.531674657754011	0	4.21E-04
3.55999999999997	0.533144695187166	0	4.10E-04
3.56999999999997	0.534615994652406	0	4.39E-04
3.57999999999997	0.536088588235294	0	4.27E-04
3.58999999999997	0.537562347593583	0	4.16E-04
3.59999999999997	0.53903750802139	0	4.42E-04
3.60999999999997	0.540513823529412	0	4.39E-04
3.61999999999997	0.541991411764706	0	4.28E-04
3.62999999999997	0.543470251336898	0	4.46E-04
3.63999999999997	0.544950320855615	0	4.52E-04
3.64999999999997	0.546431700534759	0	4.38E-04
3.65999999999997	0.547914294117647	0	4.60E-04
3.66999999999997	0.549398117647059	0	4.46E-04
3.67999999999997	0.550883197860963	0	4.32E-04
3.68999999999997	0.552369529411764	0	4.36E-04
3.69999999999996	0.553857106951871	0	4.44E-04
3.70999999999996	0.555345909090909	0	4.46E-04
3.71999999999996	0.556835983957219	0	4.43E-04
3.72999999999996	0.55832728342246	0	4.69E-04
3.73999999999996	0.559819828877005	0	4.64E-04
3.74999999999996	0.561313652406417	0	4.71E-04
3.75999999999996	0.562808663101604	0	4.52E-04
3.76999999999996	0.564304914438503	0	4.67E-04
3.77999999999996	0.565802395721926	0	4.71E-04
3.78999999999996	0.567301106951871	0	4.43E-04
3.79999999999996	0.568801096256685	0	4.39E-04
3.80999999999996	0.570302299465241	0	4.80E-04
3.81999999999996	0.571804732620321	0	4.77E-04
3.82999999999996	0.5733084171123	0	4.80E-04
3.83999999999996	0.574813229946524	0	4.56E-04
3.84999999999996	0.576319374331551	0	4.94E-04
3.85999999999996	0.577826689839572	0	4.81E-04
3.86999999999996	0.57933528342246	0	4.89E-04
3.87999999999996	0.580845069518716	0	4.95E-04
3.88999999999996	0.582356090909091	0	4.97E-04
3.89999999999996	0.583868310160428	0	4.85E-04
3.90999999999996	0.585381786096257	0	4.99E-04
3.91999999999996	0.586896438502674	0	5.14E-04
3.92999999999996	0.588412326203209	0	5.01E-04
3.93999999999996	0.589929497326204	0	4.89E-04
3.94999999999996	0.591447807486631	0	5.13E-04
3.95999999999996	0.592967294117647	0	5.04E-04
3.96999999999996	0.594488106951872	0	5.10E-04
3.97999999999996	0.596010016042781	0	5.22E-04
3.98999999999996	0.597533219251337	0	5.07E-04
3.99999999999996	0.599057614973262	0	5.06E-04
4.00999999999996	0.600583245989305	0	5.21E-04
4.01999999999996	0.602110064171123	0	4.94E-04
4.02999999999996	0.603638032085562	0	5.40E-04
4.03999999999996	0.60516720855615	0	5.20E-04
4.04999999999996	0.606697647058823	0	5.34E-04
4.05999999999996	0.608229272727273	0	5.29E-04
4.06999999999996	0.609762016042781	0	5.22E-04
4.07999999999996	0.611296064171123	0	5.37E-04
4.08999999999996	0.61283120855615	0	5.22E-04
4.09999999999996	0.614367657754011	0	5.38E-04
4.10999999999996	0.615905245989305	0	5.44E-04
4.11999999999996	0.617444032085561	0	5.42E-04
4.12999999999996	0.618984032085562	0	5.35E-04
4.13999999999996	0.620525229946524	0	5.56E-04
4.14999999999996	0.622067556149733	0	5.48E-04
4.15999999999996	0.623611117647059	0	5.20E-04
4.16999999999996	0.625155828877005	0	5.59E-04
4.17999999999996	0.626701780748663	0	5.58E-04
4.18999999999996	0.62824894117647	0	5.48E-04
4.19999999999996	0.62979722459893	0	5.56E-04
4.20999999999995	0.631346727272727	0	5.66E-04
4.21999999999995	0.632897368983957	0	5.55E-04
4.22999999999995	0.634449235294118	0	5.61E-04
4.23999999999995	0.63600228342246	0	5.72E-04
4.24999999999995	0.637556443850267	0	5.54E-04
4.25999999999995	0.639111860962567	0	5.58E-04
4.26999999999995	0.640668427807487	0	5.89E-04
4.27999999999995	0.642226181818182	0	5.78E-04
4.28999999999995	0.643785122994653	0	5.84E-04
4.29999999999995	0.645345139037434	0	5.85E-04
4.30999999999995	0.646906486631016	0	5.86E-04
4.31999999999995	0.648468898395722	0	5.85E-04
4.32999999999995	0.650032545454545	0	5.74E-04
4.33999999999995	0.651597352941177	0	5.81E-04
4.34999999999995	0.65316329946524	0	5.88E-04
4.35999999999995	0.654730449197861	0	5.88E-04
4.36999999999995	0.656298684491979	0	5.51E-04
4.37999999999995	0.657868144385027	0	5.67E-04
4.38999999999995	0.659438818181818	0	6.20E-04
4.39999999999995	0.661010636363636	0	5.97E-04
4.40999999999995	0.662583566844919	0	5.65E-04
4.41999999999995	0.664157695187166	0	6.16E-04
4.42999999999995	0.665733010695188	0	6.07E-04
4.43999999999995	0.667309411764706	0	6.07E-04
4.44999999999995	0.668887032085562	0	6.14E-04
4.45999999999995	0.670465786096257	0	6.32E-04
4.46999999999995	0.672045732620321	0	6.39E-04
4.47999999999995	0.673626748663102	0	6.18E-04
4.48999999999995	0.675208946524064	0	6.05E-04
4.49999999999995	0.676792347593583	0	6.25E-04
4.50999999999995	0.678376855614974	0	6.07E-04
